epoch,accuracy,jaccard_coef,loss,lr,val_accuracy,val_jaccard_coef,val_loss
0,0.8508871793746948,0.3476191461086273,0.49577608704566956,5e-05,0.8861222267150879,0.45503485202789307,0.37606242299079895
1,0.9401429891586304,0.4994673728942871,0.3399573862552643,5e-05,0.8846096396446228,0.4674632251262665,0.36505886912345886
2,0.9560084342956543,0.5709570646286011,0.27886009216308594,5e-05,0.9435495734214783,0.5970730781555176,0.2541656196117401
3,0.9645463824272156,0.6373358368873596,0.22670693695545197,5e-05,0.9529244899749756,0.6580122709274292,0.20765924453735352
4,0.9699313640594482,0.6882452964782715,0.18884395062923431,5e-05,0.9609087705612183,0.7040427923202515,0.17497381567955017
5,0.9718349575996399,0.7234447598457336,0.1640857458114624,5e-05,0.9598343372344971,0.7249045372009277,0.16022557020187378
6,0.9729949235916138,0.7510038614273071,0.14423444867134094,5e-05,0.965538740158081,0.7576282024383545,0.13893534243106842
7,0.9747588634490967,0.7768246531486511,0.12808758020401,5e-05,0.9683864712715149,0.7733888030052185,0.12909843027591705
8,0.9751758575439453,0.7908557653427124,0.11848332732915878,5e-05,0.9660193920135498,0.7766671776771545,0.12631458044052124
9,0.97562175989151,0.8031463623046875,0.11090855300426483,5e-05,0.9685521125793457,0.7970126271247864,0.11377832293510437
10,0.9768102169036865,0.8165517449378967,0.10228937864303589,5e-05,0.9710164666175842,0.8024258613586426,0.11021222174167633
11,0.9764447808265686,0.8181025385856628,0.10159964114427567,5e-05,0.9664638638496399,0.7858197689056396,0.12036363035440445
12,0.9770004153251648,0.8267719149589539,0.09589628130197525,5e-05,0.9694396257400513,0.8069252371788025,0.10760849714279175
13,0.9782108068466187,0.8361525535583496,0.09023236483335495,5e-05,0.9699032306671143,0.8090474605560303,0.1061481237411499
14,0.9781438112258911,0.8379204273223877,0.08936475962400436,5e-05,0.9610376954078674,0.7319874167442322,0.15684190392494202
15,0.9771862626075745,0.8324288725852966,0.09271138906478882,5e-05,0.9713531732559204,0.8124473690986633,0.1041676253080368
16,0.9779781699180603,0.8405053615570068,0.08761930465698242,5e-05,0.9705725908279419,0.818215548992157,0.10071997344493866
17,0.9786389470100403,0.8443198800086975,0.08550844341516495,5e-05,0.9724758267402649,0.8248588442802429,0.09657242894172668
18,0.979047954082489,0.8471583127975464,0.08380740880966187,5e-05,0.9712775945663452,0.8198153972625732,0.09997484087944031
19,0.9790452122688293,0.848965585231781,0.08267999440431595,5e-05,0.9676696062088013,0.7961701154708862,0.11547854542732239
20,0.9786373376846313,0.8480805158615112,0.08318255096673965,5e-05,0.9548277854919434,0.7096351385116577,0.17414312064647675
21,0.9789162874221802,0.8497854471206665,0.08206038177013397,5e-05,0.9679946303367615,0.8023357391357422,0.1104344055056572
22,0.9796856641769409,0.8524499535560608,0.08059968054294586,5e-05,0.9730832576751709,0.8307401537895203,0.09303508698940277
23,0.9796730279922485,0.8531503677368164,0.08026308566331863,5e-05,0.9726970791816711,0.8229346871376038,0.0982937142252922
24,0.9798304438591003,0.8557310700416565,0.07854962348937988,5e-05,0.9733137488365173,0.8277716636657715,0.09538717567920685
25,0.9797817468643188,0.8551585078239441,0.07911631464958191,5e-05,0.9718167185783386,0.8244595527648926,0.09722290188074112
26,0.9797492027282715,0.8548240661621094,0.0793062075972557,5e-05,0.9720697402954102,0.8209322690963745,0.09883750230073929
27,0.9789795279502869,0.8525408506393433,0.08073689043521881,5e-05,0.9701137542724609,0.8157180547714233,0.10318879038095474
28,0.9806992411613464,0.8618959784507751,0.07530360668897629,5e-06,0.9742748737335205,0.8398926854133606,0.0875135064125061
29,0.9811341166496277,0.8633597493171692,0.07421738654375076,5e-06,0.975842297077179,0.8428651690483093,0.0860990583896637
30,0.9813855290412903,0.866314709186554,0.07260391861200333,5e-06,0.9741362929344177,0.8403797745704651,0.08749944716691971
31,0.9814726114273071,0.8668335676193237,0.07220687717199326,5e-06,0.9765498042106628,0.8451600670814514,0.08453859388828278
32,0.9814435243606567,0.8668352961540222,0.07211103290319443,5e-06,0.9751384258270264,0.8406916260719299,0.08747055381536484
33,0.9814338684082031,0.8659611344337463,0.07272940874099731,5e-06,0.9749647378921509,0.8419739007949829,0.08632531017065048
34,0.9816892147064209,0.86875981092453,0.07103244215250015,5e-06,0.9746227860450745,0.8401209115982056,0.08788733929395676
35,0.9816845655441284,0.8674319386482239,0.07137932628393173,5e-06,0.975265383720398,0.8443971872329712,0.08485099673271179
36,0.981631338596344,0.868624746799469,0.07151959836483002,5e-06,0.9765980839729309,0.8458566665649414,0.0844305083155632
37,0.9817797541618347,0.8691055178642273,0.07074036449193954,5e-06,0.9755517840385437,0.8456215858459473,0.08442152291536331
38,0.9817494750022888,0.8699618577957153,0.07029876857995987,5e-06,0.975831925868988,0.843524694442749,0.08525426685810089
39,0.9816874861717224,0.8674480319023132,0.07185274362564087,5e-06,0.975676417350769,0.8466483354568481,0.08378070592880249
40,0.9822009205818176,0.8704679012298584,0.07002504169940948,5e-06,0.9764401316642761,0.846229076385498,0.08357718586921692
41,0.9819979071617126,0.8708884716033936,0.06986422836780548,5e-06,0.9750898480415344,0.8453262448310852,0.0844869613647461
42,0.9820742607116699,0.8699730038642883,0.07036431133747101,5e-06,0.975841224193573,0.8431583046913147,0.0856785923242569
43,0.9821990728378296,0.8713613152503967,0.06960590183734894,5e-06,0.9760324954986572,0.8475791811943054,0.08315064758062363
44,0.9819833040237427,0.8720033168792725,0.06925451010465622,5e-06,0.9767166972160339,0.8484994173049927,0.08241564780473709
45,0.9819821715354919,0.869502067565918,0.07074827700853348,5e-06,0.9756067991256714,0.8445761203765869,0.08497931063175201
46,0.9822569489479065,0.8709489107131958,0.06977447122335434,5e-06,0.9750317931175232,0.8450191617012024,0.08508031070232391
47,0.9817289113998413,0.8708158731460571,0.06978046149015427,5e-06,0.9759125709533691,0.8457609415054321,0.08430016785860062
48,0.9822028279304504,0.8713428974151611,0.06970109790563583,5e-06,0.9758636355400085,0.8462204933166504,0.08389903604984283
49,0.9819019436836243,0.8694180846214294,0.07088681310415268,5e-06,0.9757202863693237,0.8479713201522827,0.08295806497335434
50,0.982276201248169,0.8718592524528503,0.06936803460121155,5e-07,0.975962221622467,0.844025194644928,0.08524289727210999
51,0.9821243286132812,0.8714051842689514,0.06952228397130966,5e-07,0.9753780961036682,0.8478569388389587,0.08302486687898636
52,0.9826245903968811,0.8734720945358276,0.06819531321525574,5e-07,0.9776818752288818,0.8517736792564392,0.08033168315887451
53,0.98212730884552,0.8722562789916992,0.06899585574865341,5e-07,0.975868821144104,0.8441542387008667,0.08510521799325943
54,0.9824463725090027,0.8726417422294617,0.068831667304039,5e-07,0.9773191809654236,0.8527547717094421,0.07980947196483612
55,0.9823787212371826,0.872850239276886,0.06867601722478867,5e-07,0.9756914973258972,0.8468256592750549,0.08335496485233307
56,0.9823471903800964,0.8732606172561646,0.06837796419858932,5e-07,0.9756255745887756,0.8468165993690491,0.0837462991476059
57,0.9826065301895142,0.8730320334434509,0.06855630874633789,5e-07,0.9767707586288452,0.8532580733299255,0.07967835664749146
58,0.9820212721824646,0.8715187311172485,0.06955651938915253,5e-07,0.9760993719100952,0.845906138420105,0.08390287309885025
59,0.9825150370597839,0.8732554912567139,0.06839551031589508,5e-07,0.9751348495483398,0.8443127870559692,0.08488767594099045
60,0.9825420379638672,0.8731008768081665,0.06847614049911499,5e-07,0.9771236181259155,0.8519047498703003,0.08063291758298874
61,0.982163667678833,0.8725833296775818,0.06873716413974762,5e-07,0.9756166934967041,0.8457381129264832,0.08431877940893173
62,0.9824386239051819,0.874055027961731,0.0678514689207077,5e-07,0.9767066836357117,0.8514050245285034,0.08082987368106842
63,0.9820709228515625,0.8704677224159241,0.07025498151779175,5e-08,0.9764735698699951,0.848385214805603,0.08245614916086197
64,0.9822742342948914,0.8712301254272461,0.069619320333004,5e-08,0.9762700796127319,0.8478386998176575,0.0838405191898346
65,0.9822354912757874,0.8718624711036682,0.06925556808710098,5e-08,0.9755890369415283,0.8474734425544739,0.08319898694753647
66,0.9823961853981018,0.8740056753158569,0.06791713088750839,5e-08,0.9775633811950684,0.852367639541626,0.0799449011683464
67,0.9821642637252808,0.8705899715423584,0.06979408860206604,5e-08,0.9757845997810364,0.8469224572181702,0.08361285924911499
