epoch,accuracy,jaccard_coef,loss,lr,val_accuracy,val_jaccard_coef,val_loss
0,0.7876577973365784,0.19981443881988525,0.5637861490249634,1e-05,0.9214916825294495,0.294434517621994,0.42852649092674255
1,0.9429303407669067,0.2921116352081299,0.3811689615249634,1e-05,0.9522624611854553,0.33851176500320435,0.33237242698669434
2,0.9548653364181519,0.32874274253845215,0.32530128955841064,1e-05,0.9610021710395813,0.3683922588825226,0.28088241815567017
3,0.9635971188545227,0.3622056543827057,0.28062140941619873,1e-05,0.9611477851867676,0.3966546058654785,0.2645096182823181
4,0.9668201804161072,0.38813209533691406,0.251969575881958,1e-05,0.9660847783088684,0.430681437253952,0.22597743570804596
5,0.9696521162986755,0.414238303899765,0.22564323246479034,1e-05,0.9683294892311096,0.4304286241531372,0.20688897371292114
6,0.9717901349067688,0.4354774057865143,0.20495805144309998,1e-05,0.9690280556678772,0.48046720027923584,0.19309647381305695
7,0.9730034470558167,0.4568480849266052,0.1875888556241989,1e-05,0.9695956110954285,0.49299830198287964,0.17364685237407684
8,0.9744158387184143,0.47948354482650757,0.17121879756450653,1e-05,0.9687438011169434,0.5086197257041931,0.1715291142463684
9,0.9744807481765747,0.5009639859199524,0.1593654751777649,1e-05,0.9702513813972473,0.5323454141616821,0.17552676796913147
10,0.9759014248847961,0.5175116658210754,0.14607398211956024,1e-05,0.9178520441055298,0.30226805806159973,0.21998122334480286
11,0.9756478667259216,0.536607563495636,0.13821478188037872,1e-05,0.9737135171890259,0.575590193271637,0.12821316719055176
12,0.9766722321510315,0.5552399754524231,0.12697164714336395,1e-05,0.9561205506324768,0.485264390707016,0.14111900329589844
13,0.9772817492485046,0.5772508978843689,0.11727478355169296,1e-05,0.973463237285614,0.6077350974082947,0.11407390236854553
14,0.9773867726325989,0.5933363437652588,0.11150335520505905,1e-05,0.9741373062133789,0.620997428894043,0.0992886871099472
15,0.977727472782135,0.6048656105995178,0.10506647080183029,1e-05,0.9751551151275635,0.6512026190757751,0.09796375781297684
16,0.9783377647399902,0.6204501986503601,0.09800011664628983,1e-05,0.974077045917511,0.6582624316215515,0.10092830657958984
17,0.9784960746765137,0.6371512413024902,0.09336730092763901,1e-05,0.9752212166786194,0.6786800622940063,0.08962249755859375
18,0.9785309433937073,0.6515841484069824,0.08855917304754257,1e-05,0.976035475730896,0.6864378452301025,0.08992831408977509
19,0.9789313077926636,0.6647672653198242,0.08468210697174072,1e-05,0.9760958552360535,0.7017474174499512,0.08743435889482498
20,0.9794573783874512,0.6726101040840149,0.08010119199752808,1e-05,0.9760252833366394,0.7150285840034485,0.0928293839097023
21,0.979316771030426,0.6899450421333313,0.076408751308918,1e-05,0.9762412905693054,0.7282856702804565,0.08080887049436569
22,0.9795685410499573,0.6947178244590759,0.07525045424699783,1e-05,0.9746293425559998,0.7269496321678162,0.09285329282283783
23,0.9797507524490356,0.7060343027114868,0.07113853096961975,1e-05,0.9765158891677856,0.723656415939331,0.07698331028223038
24,0.9802426695823669,0.7140827178955078,0.06760407239198685,1e-05,0.9758106470108032,0.7407249808311462,0.09861985594034195
25,0.9801931381225586,0.7190786600112915,0.06687251478433609,1e-05,0.976436197757721,0.7482784986495972,0.07677318155765533
26,0.97974693775177,0.7222460508346558,0.06731235235929489,1e-05,0.9756469130516052,0.7344166040420532,0.07560590654611588
27,0.9805747270584106,0.7365889549255371,0.06283839046955109,1e-05,0.9770383834838867,0.7481475472450256,0.071843720972538
28,0.9809055328369141,0.7453598976135254,0.060842711478471756,1e-05,0.9770601987838745,0.7650367021560669,0.06670534610748291
29,0.9807603359222412,0.7474992275238037,0.062156837433576584,1e-05,0.9776674509048462,0.7711363434791565,0.06815347820520401
30,0.9809988737106323,0.7532849311828613,0.059056270867586136,1e-05,0.9773804545402527,0.770526111125946,0.07552364468574524
31,0.9808406233787537,0.7536404728889465,0.06036916375160217,1e-05,0.9769440293312073,0.7657768130302429,0.06617532670497894
32,0.9811632037162781,0.757764995098114,0.05747615918517113,1e-05,0.9774026870727539,0.7597233653068542,0.08966965973377228
33,0.9809123277664185,0.7608425617218018,0.05878625065088272,1e-05,0.9776749610900879,0.7810652852058411,0.06315183639526367
34,0.9812500476837158,0.7623786926269531,0.05684899538755417,1e-05,0.9775590896606445,0.7798447608947754,0.07019636780023575
35,0.9816527366638184,0.7710422277450562,0.054496366530656815,1e-05,0.9785507917404175,0.7815741896629333,0.06043454632163048
36,0.9818637371063232,0.771914005279541,0.05361334979534149,1e-05,0.9788414835929871,0.7926538586616516,0.0605655312538147
37,0.9811330437660217,0.7730122804641724,0.05628513917326927,1e-05,0.9784322381019592,0.7947052717208862,0.06250791251659393
38,0.9817392230033875,0.7760581374168396,0.05419522151350975,1e-05,0.9782288670539856,0.7902036309242249,0.06194544583559036
39,0.9822307825088501,0.7811126708984375,0.05170809105038643,1e-05,0.9783214330673218,0.7958172559738159,0.06086466461420059
40,0.9821386337280273,0.781144917011261,0.05281201750040054,1e-05,0.9755856394767761,0.774710476398468,0.07978586107492447
41,0.9827873110771179,0.7937312722206116,0.04966685175895691,1e-06,0.9790799021720886,0.8016880750656128,0.06133376434445381
42,0.9828680753707886,0.7932875156402588,0.04877646267414093,1e-06,0.9786279201507568,0.798398494720459,0.060839131474494934
43,0.9828342795372009,0.7912450432777405,0.04988148808479309,1e-06,0.9789280891418457,0.8008918166160583,0.05978166311979294
44,0.9829811453819275,0.7898117899894714,0.04892858490347862,1e-06,0.9798552989959717,0.8013261556625366,0.056348755955696106
45,0.9829891920089722,0.7950764894485474,0.04816633462905884,1e-06,0.9788335561752319,0.8020174503326416,0.05947320535778999
46,0.9831167459487915,0.7957287430763245,0.04825570806860924,1e-06,0.9793837070465088,0.7974434494972229,0.05746593326330185
47,0.9833417534828186,0.7945287823677063,0.04831874743103981,1e-06,0.9791960716247559,0.8017762899398804,0.05967456474900246
48,0.983002245426178,0.7966362237930298,0.04812845215201378,1e-06,0.9793478846549988,0.7921872735023499,0.05727791413664818
49,0.9829970002174377,0.7955150008201599,0.0500013493001461,1e-06,0.9790761470794678,0.8007927536964417,0.057081203907728195
50,0.9829320907592773,0.7972005605697632,0.04919246584177017,1e-07,0.9800922870635986,0.7963186502456665,0.05668787658214569
51,0.9832700490951538,0.7949973344802856,0.04826211929321289,1e-07,0.9799482226371765,0.7985078692436218,0.05497657135128975
52,0.9831685423851013,0.7946018576622009,0.04829462617635727,1e-07,0.9791865944862366,0.8045926094055176,0.05725955218076706
53,0.9830937385559082,0.7939780950546265,0.04920904338359833,1e-07,0.9796685576438904,0.7963228225708008,0.05628785118460655
54,0.9831207990646362,0.7959907650947571,0.04874524101614952,1e-07,0.9801188111305237,0.798818826675415,0.05490390956401825
55,0.9832195043563843,0.7939857244491577,0.048215027898550034,1e-07,0.9792608022689819,0.7950290441513062,0.05823322385549545
56,0.9832102060317993,0.7966267466545105,0.04778612405061722,1e-07,0.9796358346939087,0.7997136116027832,0.056592218577861786
57,0.9832955598831177,0.7941476702690125,0.04836789146065712,1e-08,0.979954183101654,0.7988337278366089,0.0549359954893589
58,0.9829883575439453,0.7971736192703247,0.048912420868873596,1e-08,0.9796273708343506,0.796571671962738,0.05670103803277016
59,0.983055591583252,0.7969531416893005,0.04916853457689285,1e-08,0.9794449210166931,0.804087221622467,0.05600368604063988
60,0.9830590486526489,0.792489230632782,0.04873250424861908,1e-08,0.9798619747161865,0.800301730632782,0.05654624104499817
61,0.9833496809005737,0.798223078250885,0.047586385160684586,1e-08,0.9790796637535095,0.8008946776390076,0.057826701551675797
62,0.9830755591392517,0.7925711870193481,0.050530415028333664,1e-09,0.9796035289764404,0.80097496509552,0.05643162503838539
63,0.9831349849700928,0.7963345646858215,0.047944288700819016,1e-09,0.9797888994216919,0.7967088222503662,0.056329138576984406
64,0.9832446575164795,0.7943515181541443,0.04776480793952942,1e-09,0.9798805117607117,0.8053333759307861,0.055511265993118286
