epoch,accuracy,jaccard_coef,loss,lr,val_accuracy,val_jaccard_coef,val_loss
0,0.9046507477760315,0.5041728019714355,0.34836098551750183,5e-05,0.9335826635360718,0.6379671692848206,0.22299253940582275
1,0.9614279270172119,0.6875353455543518,0.19287635385990143,5e-05,0.9663259983062744,0.7599405646324158,0.13959933817386627
2,0.968879759311676,0.7493305206298828,0.14936363697052002,5e-05,0.9662061333656311,0.7775591015815735,0.1266631782054901
3,0.9717369079589844,0.7847837805747986,0.12404987961053848,5e-05,0.961694598197937,0.7703397274017334,0.1311296969652176
4,0.9721028804779053,0.7916572690010071,0.12122271955013275,5e-05,0.9685266017913818,0.7964109182357788,0.1164846122264862
5,0.9738948345184326,0.8087708353996277,0.10866645723581314,5e-05,0.9702709317207336,0.8095686435699463,0.10665987432003021
6,0.9747496843338013,0.8156399130821228,0.10352107137441635,5e-05,0.965697169303894,0.7822055220603943,0.12579306960105896
7,0.9745714068412781,0.816887378692627,0.1028750017285347,5e-05,0.9690346121788025,0.7989955544471741,0.11461767554283142
8,0.9750462770462036,0.8200626969337463,0.10081911832094193,5e-05,0.9685831069946289,0.7929905652999878,0.11733321100473404
9,0.9755722284317017,0.8244900703430176,0.09908605366945267,5e-05,0.9602599143981934,0.7777679562568665,0.13031353056430817
10,0.9764136672019958,0.8283542394638062,0.09596522897481918,5e-05,0.9718972444534302,0.8160824775695801,0.10218393802642822
11,0.9763088226318359,0.8285021781921387,0.09653211385011673,5e-05,0.9721044301986694,0.8201057314872742,0.10006887465715408
12,0.9754781723022461,0.8245826363563538,0.09896853566169739,5e-05,0.9684809446334839,0.7932891845703125,0.11714904010295868
13,0.9767813086509705,0.8345175981521606,0.09189992398023605,5e-05,0.9703860878944397,0.8084267377853394,0.10797315835952759
14,0.976662278175354,0.8308644890785217,0.09505804628133774,5e-05,0.9721379280090332,0.823934018611908,0.09798186272382736
15,0.9775508046150208,0.837462306022644,0.09029918164014816,5e-05,0.9718124270439148,0.8212715983390808,0.09974692016839981
16,0.9780530333518982,0.8427280783653259,0.0870717465877533,5e-05,0.9661145210266113,0.8001305460929871,0.11613807082176208
17,0.9777394533157349,0.8404479622840881,0.08859177678823471,5e-05,0.9685025215148926,0.8077501654624939,0.11064162105321884
18,0.9778921604156494,0.8427318930625916,0.08691006898880005,5e-05,0.9586248397827148,0.762723982334137,0.1374576836824417
19,0.977959156036377,0.8410332798957825,0.08898523449897766,5e-05,0.9724209904670715,0.8268494606018066,0.09595400840044022
20,0.9779496192932129,0.8405816555023193,0.08886143565177917,5e-05,0.9714404344558716,0.8238606452941895,0.0980716347694397
21,0.9781650304794312,0.8429856896400452,0.08697152137756348,5e-05,0.9721875190734863,0.824981153011322,0.09685298800468445
22,0.978141725063324,0.8393651843070984,0.09034855663776398,5e-05,0.9723902344703674,0.8296319842338562,0.09458020329475403
23,0.9787430763244629,0.8482654690742493,0.08367142081260681,5e-05,0.9729723334312439,0.8271374106407166,0.09846282005310059
24,0.9782689809799194,0.844041645526886,0.08634702861309052,5e-05,0.9726872444152832,0.8236618638038635,0.09877468645572662
25,0.9792802929878235,0.850138247013092,0.0830906555056572,5e-05,0.973050594329834,0.8278309106826782,0.0954536572098732
26,0.9789837002754211,0.8467235565185547,0.08524730056524277,5e-05,0.9727544188499451,0.8319866061210632,0.09335573017597198
27,0.9794279336929321,0.8516877889633179,0.08148540556430817,5e-05,0.9733219146728516,0.8316789865493774,0.09330961853265762
28,0.9797995090484619,0.8539193272590637,0.08025255799293518,5e-05,0.9706648588180542,0.8190728425979614,0.1011178269982338
29,0.979254961013794,0.8498290777206421,0.08292725682258606,5e-05,0.9748031497001648,0.836881697177887,0.09022285044193268
30,0.979735791683197,0.8534256219863892,0.08081850409507751,5e-05,0.9735029339790344,0.8341065049171448,0.0917542427778244
31,0.9795312881469727,0.8529471755027771,0.08069289475679398,5e-05,0.959588885307312,0.7843886017799377,0.12770900130271912
32,0.9790651202201843,0.8476945757865906,0.08427278697490692,5e-05,0.973679780960083,0.8307203054428101,0.09570317715406418
33,0.9789570569992065,0.8493039608001709,0.08339232951402664,5e-05,0.9744799137115479,0.8372307419776917,0.08954057097434998
34,0.9800845384597778,0.8532567024230957,0.08067726343870163,5e-05,0.9702141284942627,0.8181719183921814,0.10118598490953445
35,0.979755163192749,0.8525962233543396,0.08128684759140015,5e-05,0.9744809865951538,0.8380865454673767,0.08950546383857727
36,0.9797359704971313,0.8525901436805725,0.08158279955387115,5e-05,0.9718313217163086,0.8234966993331909,0.09825123101472855
37,0.9793580770492554,0.8525850176811218,0.08122541755437851,5e-05,0.9721032977104187,0.82915198802948,0.09561780840158463
38,0.979763925075531,0.8527827858924866,0.08145581185817719,5e-05,0.9714630246162415,0.8271530866622925,0.096413753926754
39,0.9812223315238953,0.8618471622467041,0.0765489935874939,5e-06,0.9752263426780701,0.841977596282959,0.08713272958993912
40,0.9819243550300598,0.8659356832504272,0.07326351851224899,5e-06,0.972822904586792,0.8351508975028992,0.09278128296136856
41,0.9819810390472412,0.8692622780799866,0.07083003968000412,5e-06,0.9753859043121338,0.8446886539459229,0.0853244885802269
42,0.9818428158760071,0.8672794699668884,0.07254515588283539,5e-06,0.9747343063354492,0.8413283824920654,0.08781103789806366
43,0.9820398688316345,0.8682641983032227,0.0720934346318245,5e-06,0.9752452969551086,0.843575656414032,0.08588851988315582
44,0.9819193482398987,0.8653777837753296,0.07394898682832718,5e-06,0.9760937690734863,0.8469223380088806,0.08400864899158478
45,0.9822070598602295,0.870544970035553,0.0703534185886383,5e-06,0.9749727249145508,0.844870388507843,0.08524668216705322
46,0.982347309589386,0.8701509833335876,0.07083218544721603,5e-06,0.9760516881942749,0.8443384766578674,0.08572295308113098
47,0.9824680685997009,0.870245099067688,0.07053690403699875,5e-06,0.9752606749534607,0.8451840877532959,0.08511681854724884
48,0.9821925759315491,0.8704349994659424,0.07023449242115021,5e-06,0.9747744798660278,0.8412836790084839,0.08826275914907455
49,0.9824674129486084,0.8706949949264526,0.07032708078622818,5e-06,0.9742356538772583,0.8401030898094177,0.08868244290351868
50,0.9824246764183044,0.8717634677886963,0.06974884867668152,5e-07,0.9765139222145081,0.8460973501205444,0.08451353758573532
51,0.9825319051742554,0.8712403178215027,0.07040243595838547,5e-07,0.9762898087501526,0.8467934727668762,0.08413232117891312
52,0.982468843460083,0.8701941967010498,0.070798859000206,5e-07,0.9744685888290405,0.8439339995384216,0.08624645322561264
53,0.9824902415275574,0.8707810640335083,0.07096991688013077,5e-07,0.9758084416389465,0.8441298007965088,0.0862261950969696
54,0.9825458526611328,0.8718478679656982,0.06942155957221985,5e-07,0.9758906960487366,0.8417983055114746,0.08885590732097626
