epoch,accuracy,jaccard_coef,loss,lr,val_accuracy,val_jaccard_coef,val_loss
0,0.8143872618675232,0.32914653420448303,0.5173975825309753,5e-05,0.9063740968704224,0.5013716220855713,0.3335513174533844
1,0.9413665533065796,0.5194857120513916,0.3233715891838074,5e-05,0.9341974854469299,0.5829400420188904,0.2655775547027588
2,0.9611133933067322,0.604398250579834,0.25269269943237305,5e-05,0.9639284610748291,0.6837483048439026,0.18899157643318176
3,0.9701662659645081,0.6792446374893188,0.19627723097801208,5e-05,0.9564462304115295,0.7102559804916382,0.17054148018360138
4,0.9742940068244934,0.7260529398918152,0.16245858371257782,5e-05,0.9717453718185425,0.773974597454071,0.1285807341337204
5,0.9762682318687439,0.7589762210845947,0.14019806683063507,5e-05,0.9716977477073669,0.7879248857498169,0.11920184642076492
6,0.9781977534294128,0.7895895838737488,0.11903906613588333,5e-05,0.9739415645599365,0.8053658604621887,0.10878166556358337
7,0.9788719415664673,0.8082815408706665,0.10794863104820251,5e-05,0.9741624593734741,0.8131606578826904,0.10419157892465591
8,0.978976845741272,0.8191019892692566,0.10082165896892548,5e-05,0.9739094376564026,0.8265214562416077,0.09538271278142929
9,0.9796555042266846,0.8320574164390564,0.09272049367427826,5e-05,0.9741095900535583,0.8254675269126892,0.09627064317464828
10,0.9798274636268616,0.8385041356086731,0.08901385217905045,5e-05,0.9757651090621948,0.8347904682159424,0.09084998816251755
11,0.9804432392120361,0.8452193140983582,0.08497696369886398,5e-05,0.9766188263893127,0.8408884406089783,0.08696542680263519
12,0.9808117747306824,0.8519774675369263,0.08066929876804352,5e-05,0.9757897853851318,0.8419530391693115,0.0866372138261795
13,0.9816364049911499,0.8597210645675659,0.07649406790733337,5e-05,0.9759489893913269,0.8450115919113159,0.08458500355482101
14,0.9812886714935303,0.8588564395904541,0.07662534713745117,5e-05,0.9714344143867493,0.8127226829528809,0.10476478934288025
15,0.9811378121376038,0.8584333062171936,0.07680684328079224,5e-05,0.977138102054596,0.8508971929550171,0.0812196284532547
16,0.9813835024833679,0.8635967373847961,0.07421623170375824,5e-05,0.9765589833259583,0.8490476012229919,0.08234302699565887
17,0.981412947177887,0.8633524179458618,0.07430821657180786,5e-05,0.9763767123222351,0.8478134870529175,0.08304507285356522
18,0.9806182384490967,0.8580752015113831,0.07778789103031158,5e-05,0.9735041260719299,0.8340135216712952,0.09154365211725235
19,0.9816356301307678,0.8659922480583191,0.0725630670785904,5e-05,0.9759931564331055,0.850422739982605,0.08157102018594742
20,0.9823407530784607,0.8711252808570862,0.06940394639968872,5e-05,0.9785271883010864,0.8587083220481873,0.07661695778369904
21,0.9816722869873047,0.8677517175674438,0.07148368656635284,5e-05,0.9762715697288513,0.847654402256012,0.08300177752971649
22,0.9828309416770935,0.8739038109779358,0.06815045326948166,5e-05,0.9771456122398376,0.8552570939064026,0.07851686328649521
23,0.9828555583953857,0.8749128580093384,0.06725189089775085,5e-05,0.9777562022209167,0.8554671406745911,0.078847236931324
24,0.9827777743339539,0.8750994205474854,0.06693170219659805,5e-05,0.9786185622215271,0.8617887496948242,0.07496568560600281
25,0.9827971458435059,0.875209629535675,0.06743104755878448,5e-05,0.9756137728691101,0.8469242453575134,0.08388926088809967
26,0.9827451705932617,0.8746877312660217,0.06776528060436249,5e-05,0.9744031429290771,0.8385011553764343,0.08828357607126236
27,0.9828039407730103,0.8760868906974792,0.06653745472431183,5e-05,0.9776617884635925,0.8593711256980896,0.07695124298334122
28,0.9826947450637817,0.8753225803375244,0.0674375668168068,5e-05,0.9752390384674072,0.8460628390312195,0.08394502103328705
29,0.9826558828353882,0.8738906979560852,0.06832808256149292,5e-05,0.97798752784729,0.8576229810714722,0.0772431418299675
30,0.9836543798446655,0.8812699913978577,0.06379979103803635,5e-06,0.9777130484580994,0.8622758984565735,0.07485755532979965
31,0.9839026927947998,0.8834161758422852,0.06271623075008392,5e-06,0.9801138639450073,0.8677768111228943,0.07131966203451157
32,0.9841122627258301,0.8841908574104309,0.06181957945227623,5e-06,0.9789364337921143,0.8638787269592285,0.0737650990486145
33,0.98414546251297,0.8839743733406067,0.06212955340743065,5e-06,0.9792382717132568,0.868161678314209,0.0711781233549118
34,0.9843493700027466,0.8866013884544373,0.060631588101387024,5e-06,0.9786140322685242,0.8646382093429565,0.07358799129724503
35,0.9842759370803833,0.8845516443252563,0.06147480383515358,5e-06,0.9793055057525635,0.8674600124359131,0.07135112583637238
36,0.9841888546943665,0.8856072425842285,0.06150100380182266,5e-06,0.9801234006881714,0.8679304718971252,0.07189222425222397
37,0.9846025705337524,0.8872175216674805,0.06007658317685127,5e-06,0.9790851473808289,0.8672295212745667,0.07208437472581863
38,0.9843527674674988,0.8875334858894348,0.06017567589879036,5e-06,0.979942798614502,0.8686676025390625,0.07066413015127182
39,0.9844497442245483,0.886152982711792,0.06088091433048248,5e-06,0.978628933429718,0.8654757142066956,0.07300885021686554
40,0.9846525192260742,0.8872321844100952,0.06046930328011513,5e-06,0.9802094101905823,0.8686813116073608,0.07049883902072906
41,0.9846445322036743,0.8885039687156677,0.059429869055747986,5e-06,0.9786393046379089,0.8668180704116821,0.0720740258693695
42,0.9847192168235779,0.8876637816429138,0.05988212302327156,5e-06,0.9795612096786499,0.8673694133758545,0.07159008085727692
43,0.9846739768981934,0.888032853603363,0.060026925057172775,5e-06,0.9798819422721863,0.8710323572158813,0.06950363516807556
44,0.9843262434005737,0.8881521821022034,0.060079749673604965,5e-06,0.9799515008926392,0.8695051074028015,0.07020933926105499
45,0.9847201704978943,0.8878964185714722,0.05989422649145126,5e-06,0.9790542721748352,0.8650511503219604,0.07340901345014572
46,0.9847670197486877,0.8885010480880737,0.0597635842859745,5e-06,0.9786320924758911,0.8662371635437012,0.07275886833667755
47,0.9841966032981873,0.8875115513801575,0.060333251953125,5e-06,0.9793331623077393,0.8662022948265076,0.07241134345531464
48,0.9847021102905273,0.8882817029953003,0.05977994576096535,5e-06,0.9795728325843811,0.8689255714416504,0.07071693241596222
49,0.9846605658531189,0.8876046538352966,0.06007048487663269,5e-07,0.9802548885345459,0.8735473155975342,0.06813240796327591
50,0.9849315285682678,0.8895548582077026,0.05898614227771759,5e-07,0.9793577194213867,0.8650044202804565,0.07310118526220322
51,0.9847168922424316,0.888658881187439,0.05937524512410164,5e-07,0.9794178605079651,0.8726133108139038,0.06865020096302032
52,0.9852493405342102,0.8914315700531006,0.0577235110104084,5e-07,0.9813129305839539,0.8745192885398865,0.06711430102586746
53,0.9848271608352661,0.8895438313484192,0.0588248074054718,5e-07,0.9793325066566467,0.8660986423492432,0.07233327627182007
54,0.9848526120185852,0.8895476460456848,0.05923108011484146,5e-07,0.9806255102157593,0.8735052943229675,0.06785173714160919
55,0.9850097894668579,0.8906221985816956,0.05812808871269226,5e-07,0.9795946478843689,0.8710558414459229,0.06926612555980682
56,0.9847920536994934,0.8904719352722168,0.05870365351438522,5e-07,0.9787610769271851,0.8664707541465759,0.07249142229557037
57,0.9849727749824524,0.8894728422164917,0.059228911995887756,5e-07,0.9800921082496643,0.8738303184509277,0.06772542744874954
58,0.9847604036331177,0.8891735672950745,0.059081900864839554,5e-08,0.9798768162727356,0.8697693943977356,0.07015817612409592
59,0.985163688659668,0.8909168839454651,0.05808032304048538,5e-08,0.9794184565544128,0.870588481426239,0.06957952678203583
60,0.9849779009819031,0.8901011347770691,0.05898173898458481,5e-08,0.9805380702018738,0.8734797239303589,0.06822942197322845
61,0.9847650527954102,0.8899832367897034,0.05855758115649223,5e-08,0.9793491363525391,0.8685372471809387,0.07094252109527588
62,0.9850122332572937,0.8913759589195251,0.05783496052026749,5e-08,0.979991614818573,0.8719826936721802,0.06899901479482651
