epoch,accuracy,jaccard_coef,loss,lr,val_accuracy,val_jaccard_coef,val_loss
0,0.9170251488685608,0.5197052359580994,0.33447572588920593,5e-05,0.9614591598510742,0.695536196231842,0.18183894455432892
1,0.9678728580474854,0.7028234601020813,0.18286292254924774,5e-05,0.9715364575386047,0.7800300121307373,0.12615247070789337
2,0.973403811454773,0.7674341797828674,0.13780395686626434,5e-05,0.9660623669624329,0.784048855304718,0.12239252030849457
3,0.9763514995574951,0.8081865310668945,0.10933980345726013,5e-05,0.9731560945510864,0.818010687828064,0.10155181586742401
4,0.9770702123641968,0.8187031149864197,0.1040336936712265,5e-05,0.9736613631248474,0.8298163414001465,0.09549582749605179
5,0.9782554507255554,0.8351103663444519,0.09238463640213013,5e-05,0.9739579558372498,0.8302753567695618,0.09396620839834213
6,0.9790500402450562,0.842710018157959,0.08701574802398682,5e-05,0.9760081171989441,0.8406333327293396,0.08948204666376114
7,0.9791197180747986,0.8458705544471741,0.08534334599971771,5e-05,0.9766836166381836,0.8431998491287231,0.08776912093162537
8,0.9799072742462158,0.8514015078544617,0.08178511261940002,5e-05,0.9757882356643677,0.8434228301048279,0.08650480210781097
9,0.9794231653213501,0.8499769568443298,0.08376917243003845,5e-05,0.9764488935470581,0.8477176427841187,0.08389762043952942
10,0.9806106090545654,0.8565564155578613,0.07897152751684189,5e-05,0.9764786958694458,0.8463035225868225,0.08426930010318756
11,0.9805970788002014,0.8574029803276062,0.07923991978168488,5e-05,0.9786815643310547,0.8583583235740662,0.07707937806844711
12,0.9806506037712097,0.8583148121833801,0.07798266410827637,5e-05,0.9772429466247559,0.85161954164505,0.08151497691869736
13,0.9811534881591797,0.8633819222450256,0.0747046247124672,5e-05,0.9764994382858276,0.8474738597869873,0.08452796936035156
14,0.981085479259491,0.8602625131607056,0.07779127359390259,5e-05,0.9791263937950134,0.8600423336029053,0.07612218707799911
15,0.9817444682121277,0.8654747605323792,0.07353665679693222,5e-05,0.9782001376152039,0.8581950664520264,0.07752734422683716
16,0.9819116592407227,0.8683944940567017,0.07183939218521118,5e-05,0.9749025702476501,0.8417157530784607,0.08824814856052399
17,0.9818727374076843,0.8676806092262268,0.07241129875183105,5e-05,0.9779455661773682,0.8558503985404968,0.08010666817426682
18,0.9819135069847107,0.8687813878059387,0.07154447585344315,5e-05,0.9786666631698608,0.8624136447906494,0.07549245655536652
19,0.9816421866416931,0.8660029172897339,0.07414466887712479,5e-05,0.9779226779937744,0.8603917956352234,0.07601822167634964
20,0.9826691150665283,0.8712565302848816,0.07064604014158249,5e-05,0.978783130645752,0.8629732728004456,0.07456842809915543
21,0.9822874069213867,0.8711051940917969,0.0702039822936058,5e-05,0.9778702259063721,0.8577751517295837,0.07732506096363068
22,0.9823182225227356,0.8673164248466492,0.0738622173666954,5e-05,0.9778593182563782,0.8600897789001465,0.07632818073034286
23,0.9825645685195923,0.8719245195388794,0.06966108083724976,5e-05,0.9791966080665588,0.8619293570518494,0.07559118419885635
24,0.9832112789154053,0.8762929439544678,0.06695930659770966,5e-05,0.978158175945282,0.8591298460960388,0.07758989185094833
25,0.9830145835876465,0.8743086457252502,0.06881707906723022,5e-05,0.9800388813018799,0.8692336678504944,0.07078273594379425
26,0.9829609394073486,0.8733101487159729,0.06941583007574081,5e-05,0.9785233736038208,0.8651643991470337,0.07367206364870071
27,0.9833922386169434,0.8778727054595947,0.06593608856201172,5e-05,0.9792791604995728,0.8652317523956299,0.07301295548677444
28,0.9838165044784546,0.8804207444190979,0.06443912535905838,5e-05,0.9787194728851318,0.8640433549880981,0.0739532858133316
29,0.9835903644561768,0.878481388092041,0.06593043357133865,5e-05,0.9794166684150696,0.8653755784034729,0.07321348786354065
30,0.9835471510887146,0.8783009052276611,0.06610041856765747,5e-05,0.9801709651947021,0.869443953037262,0.07059264928102493
31,0.9834974408149719,0.8791829347610474,0.06518272310495377,5e-05,0.9780581593513489,0.8606373071670532,0.0756540447473526
32,0.983738124370575,0.8802560567855835,0.06488410383462906,5e-05,0.9792754054069519,0.8628736138343811,0.07654428482055664
33,0.9836220741271973,0.8800844550132751,0.06486714631319046,5e-05,0.9795665144920349,0.8685972690582275,0.07097551226615906
34,0.9840765595436096,0.8807904720306396,0.06427519768476486,5e-05,0.9796059727668762,0.868766188621521,0.07132110744714737
35,0.9841168522834778,0.8820393681526184,0.06385105103254318,5e-05,0.9793121218681335,0.8678552508354187,0.07183872908353806
36,0.9844961166381836,0.8833752274513245,0.06314391642808914,5e-06,0.9800022840499878,0.8680354952812195,0.07142375409603119
37,0.9845302104949951,0.8858758807182312,0.06150529533624649,5e-06,0.9795598983764648,0.8704106211662292,0.07005029171705246
38,0.9847748875617981,0.8858497142791748,0.06141478568315506,5e-06,0.9796151518821716,0.867919921875,0.07182589918375015
39,0.9848331212997437,0.8855196237564087,0.06255587190389633,5e-06,0.9799323081970215,0.8709085583686829,0.0700940266251564
40,0.9849991202354431,0.887127161026001,0.061008285731077194,5e-06,0.9786946773529053,0.8661383986473083,0.07362324744462967
41,0.9850401878356934,0.8893163800239563,0.05919496715068817,5e-06,0.9801583886146545,0.8718562722206116,0.06965728849172592
42,0.98482346534729,0.8870203495025635,0.06075957417488098,5e-06,0.9797552824020386,0.8677322268486023,0.07231650501489639
43,0.985020101070404,0.888521134853363,0.060069914907217026,5e-06,0.9798930883407593,0.8708255290985107,0.06996777653694153
44,0.9847999811172485,0.8857206106185913,0.0618465282022953,5e-06,0.9810583591461182,0.8742305040359497,0.06797067075967789
45,0.9850814342498779,0.8896299004554749,0.05904902517795563,5e-06,0.9798722863197327,0.8724375367164612,0.06916612386703491
46,0.9850608110427856,0.8887511491775513,0.060029637068510056,5e-06,0.9805629253387451,0.8697879910469055,0.07086197286844254
47,0.9852626323699951,0.8890660405158997,0.05959361419081688,5e-06,0.9803670048713684,0.8740690350532532,0.06823068857192993
48,0.9850667119026184,0.8897480964660645,0.058955200016498566,5e-06,0.9796717762947083,0.8683621883392334,0.07234107702970505
49,0.9852173328399658,0.8893352150917053,0.05951184779405594,5e-06,0.979544460773468,0.8709677457809448,0.07034040987491608
50,0.9851198196411133,0.8899201154708862,0.05923501029610634,5e-07,0.9807687997817993,0.8686251640319824,0.07284517586231232
51,0.985203206539154,0.8889111876487732,0.06019262596964836,5e-07,0.9806076884269714,0.8711739778518677,0.06990770250558853
52,0.9850592613220215,0.8883351683616638,0.06040777266025543,5e-07,0.9799695014953613,0.874582052230835,0.0681479200720787
53,0.9851313233375549,0.8877344727516174,0.061282578855752945,5e-07,0.9802451729774475,0.8707984089851379,0.07068895548582077
54,0.9851475358009338,0.8895605802536011,0.0590871199965477,5e-07,0.9806495904922485,0.8712102770805359,0.07057487219572067
