epoch,accuracy,jaccard_coef,loss,lr,val_accuracy,val_jaccard_coef,val_loss
0,0.8459969758987427,0.3465789556503296,0.5199877023696899,1e-05,0.9424768090248108,0.4616662859916687,0.3983369469642639
1,0.9181211590766907,0.4512503445148468,0.42018362879753113,1e-05,0.9105386734008789,0.4601157307624817,0.3963276445865631
2,0.9372078776359558,0.5122276544570923,0.3655564785003662,1e-05,0.950844407081604,0.5555256605148315,0.31762436032295227
3,0.9472215175628662,0.5642756223678589,0.32359734177589417,1e-05,0.9460439682006836,0.5770279765129089,0.301192969083786
4,0.9538319110870361,0.6089772582054138,0.287383496761322,1e-05,0.9597549438476562,0.6381338834762573,0.250407338142395
5,0.9580757021903992,0.6457239389419556,0.2587982714176178,1e-05,0.9640244245529175,0.6805670857429504,0.21983541548252106
6,0.9621721506118774,0.6674602627754211,0.24320289492607117,1e-05,0.9697982668876648,0.713506281375885,0.20043472945690155
7,0.9643318057060242,0.6838718056678772,0.23225952684879303,1e-05,0.9689887762069702,0.7212986946105957,0.1934296190738678
8,0.9654699563980103,0.7023460268974304,0.21730001270771027,1e-05,0.9708149433135986,0.7405471205711365,0.1789620816707611
9,0.9692025780677795,0.7188817858695984,0.20282617211341858,1e-05,0.9717568159103394,0.7450118064880371,0.1790459156036377
10,0.9704440832138062,0.730151355266571,0.19494688510894775,1e-05,0.9720070958137512,0.7514939904212952,0.1716649830341339
11,0.9694697260856628,0.7314071655273438,0.19672225415706635,1e-05,0.9716941118240356,0.7625498175621033,0.16290722787380219
12,0.971929132938385,0.7369371652603149,0.1930227428674698,1e-05,0.9684504270553589,0.7467548847198486,0.1737581342458725
13,0.9730827212333679,0.7470209002494812,0.1839270442724228,1e-05,0.9740053415298462,0.7700261473655701,0.16023406386375427
14,0.9732528328895569,0.7537586688995361,0.1779274046421051,1e-05,0.97403484582901,0.7614759206771851,0.16808193922042847
15,0.9736884236335754,0.7526915669441223,0.18046747148036957,1e-05,0.9740278124809265,0.7829605340957642,0.14641185104846954
16,0.9743225574493408,0.7601993680000305,0.17278984189033508,1e-05,0.9743449687957764,0.773231029510498,0.15655551850795746
17,0.974346399307251,0.7627719044685364,0.17097143828868866,1e-05,0.9745861291885376,0.7797415256500244,0.15180541574954987
18,0.9747012257575989,0.7638437747955322,0.17095518112182617,1e-05,0.9743441343307495,0.7795987725257874,0.15354730188846588
19,0.9745763540267944,0.7606747150421143,0.17469507455825806,1e-05,0.9760463237762451,0.7837746739387512,0.14782780408859253
20,0.974839448928833,0.7620217800140381,0.17412011325359344,1e-05,0.9742189049720764,0.7660413980484009,0.1695859283208847
21,0.9768829345703125,0.7726075053215027,0.16524872183799744,1e-06,0.9745460748672485,0.7821722030639648,0.15166878700256348
22,0.9770424962043762,0.771909236907959,0.16655197739601135,1e-06,0.9746367335319519,0.7762354612350464,0.15821148455142975
23,0.977971076965332,0.7734812498092651,0.1649692952632904,1e-06,0.9753373861312866,0.7812507152557373,0.15041996538639069
24,0.977965772151947,0.7769585251808167,0.1609930545091629,1e-06,0.9751778841018677,0.7822261452674866,0.15243268013000488
25,0.977820098400116,0.7725400328636169,0.16651548445224762,1e-06,0.975389838218689,0.7909479141235352,0.14307130873203278
26,0.9783110618591309,0.7783368229866028,0.160577654838562,1e-06,0.9760106801986694,0.7834751009941101,0.15221484005451202
27,0.9776296615600586,0.7687970995903015,0.17048797011375427,1e-06,0.975058913230896,0.791780948638916,0.14253170788288116
28,0.9775469303131104,0.7786650657653809,0.16057009994983673,1e-06,0.975383460521698,0.791705310344696,0.14280086755752563
29,0.9778831005096436,0.7767510414123535,0.16177451610565186,1e-06,0.9750881195068359,0.7782909274101257,0.15594090521335602
30,0.978462278842926,0.7787320613861084,0.15987907350063324,1e-06,0.9760380983352661,0.7787657976150513,0.1558324545621872
31,0.9786125421524048,0.7803516387939453,0.15805459022521973,1e-06,0.9764071702957153,0.7936481833457947,0.14116567373275757
32,0.9780784845352173,0.7727688550949097,0.16691190004348755,1e-06,0.9763575792312622,0.7886853814125061,0.1471957415342331
33,0.977833092212677,0.7741430401802063,0.16531288623809814,1e-06,0.9760924577713013,0.7879223823547363,0.14752836525440216
34,0.9779738187789917,0.7778428196907043,0.16182446479797363,1e-06,0.976028561592102,0.7921761870384216,0.14311693608760834
35,0.9784955978393555,0.7808510661125183,0.1580546349287033,1e-06,0.9754036664962769,0.7827175259590149,0.1515989899635315
36,0.9774762392044067,0.7789957523345947,0.16095340251922607,1e-06,0.9761410355567932,0.7860748171806335,0.14941799640655518
37,0.9780080318450928,0.7825153470039368,0.15643829107284546,1e-07,0.9764241576194763,0.7829890251159668,0.15289564430713654
38,0.9783251881599426,0.7842661142349243,0.15488098561763763,1e-07,0.9758104681968689,0.7871881723403931,0.14907412230968475
39,0.9782668948173523,0.7782929539680481,0.1617317944765091,1e-07,0.976298987865448,0.7771105766296387,0.15878044068813324
40,0.9780656099319458,0.7767407298088074,0.16315416991710663,1e-07,0.9761853814125061,0.7930424809455872,0.14006726443767548
41,0.9780683517456055,0.7778660655021667,0.1623672991991043,1e-07,0.9759131073951721,0.7902653813362122,0.14428599178791046
42,0.9780129790306091,0.7796429991722107,0.1605624109506607,1e-07,0.9755738377571106,0.7887847423553467,0.14570797979831696
43,0.9785292148590088,0.7841531038284302,0.155251607298851,1e-07,0.9763572812080383,0.7953377366065979,0.1396389901638031
44,0.9784635901451111,0.7815333008766174,0.15840387344360352,1e-07,0.97615647315979,0.7907893061637878,0.14518307149410248
45,0.978219747543335,0.7793753743171692,0.16037051379680634,1e-07,0.9762951731681824,0.7836170196533203,0.15320928394794464
46,0.9783763885498047,0.7795187830924988,0.16017456352710724,1e-07,0.9760895371437073,0.7888917922973633,0.14639116823673248
47,0.9784379601478577,0.774800181388855,0.16534487903118134,1e-07,0.9757505655288696,0.7854653596878052,0.14964184165000916
48,0.9780424237251282,0.7760382890701294,0.16417431831359863,1e-07,0.9756883382797241,0.7846817970275879,0.1510726511478424
49,0.9781838655471802,0.7735059857368469,0.16734525561332703,1e-08,0.9765843152999878,0.7792202830314636,0.15666081011295319
50,0.9787383079528809,0.7863490581512451,0.15247812867164612,1e-08,0.9762653112411499,0.7736312747001648,0.16308394074440002
51,0.9783350229263306,0.7762479782104492,0.1638375073671341,1e-08,0.9761180877685547,0.794522225856781,0.1416538804769516
52,0.9785413146018982,0.7786097526550293,0.16173066198825836,1e-08,0.9762519598007202,0.7775322198867798,0.15773604810237885
53,0.9785287976264954,0.7754296660423279,0.1647721529006958,1e-08,0.9757859706878662,0.7795606255531311,0.15592540800571442
