epoch,accuracy,jaccard_coef,loss,lr,val_accuracy,val_jaccard_coef,val_loss
0,0.7664397358894348,0.2539389133453369,0.6062034964561462,1e-05,0.8412849307060242,0.3290364444255829,0.5094874501228333
1,0.8864015936851501,0.34755951166152954,0.49517539143562317,1e-05,0.915340006351471,0.412895530462265,0.4211837649345398
2,0.9179994463920593,0.4105875492095947,0.43156102299690247,1e-05,0.9408456087112427,0.47858622670173645,0.35813823342323303
3,0.9392166137695312,0.45944732427597046,0.38292261958122253,1e-05,0.9314568042755127,0.4785217046737671,0.3579000234603882
4,0.9479058980941772,0.4866411089897156,0.35976073145866394,1e-05,0.9336118102073669,0.5013121366500854,0.33713874220848083
5,0.9549256563186646,0.5167052745819092,0.33216536045074463,1e-05,0.9453251361846924,0.5303674936294556,0.3122267723083496
6,0.9595521688461304,0.5428714752197266,0.30949756503105164,1e-05,0.9599754214286804,0.5902878046035767,0.2626219391822815
7,0.9629673957824707,0.5686425566673279,0.2876439094543457,1e-05,0.960991382598877,0.6046382188796997,0.2522668242454529
8,0.9666152596473694,0.5947481393814087,0.2662337124347687,1e-05,0.9543206095695496,0.6079056859016418,0.24876607954502106
9,0.9681325554847717,0.6191686391830444,0.24701069295406342,1e-05,0.9620232582092285,0.6487387418746948,0.21609008312225342
10,0.9702025651931763,0.6366721391677856,0.23359383642673492,1e-05,0.9681570529937744,0.677822470664978,0.19461381435394287
11,0.9717043042182922,0.6607190370559692,0.21519958972930908,1e-05,0.9681073427200317,0.6934946775436401,0.1837209016084671
12,0.9726942777633667,0.6766533851623535,0.20404662191867828,1e-05,0.9721921682357788,0.7229312062263489,0.16395297646522522
13,0.9743996262550354,0.6996752023696899,0.18505610525608063,1e-05,0.9704786539077759,0.7271282076835632,0.1619262546300888
14,0.9752308130264282,0.718217134475708,0.17220526933670044,1e-05,0.9713099598884583,0.743686318397522,0.14880703389644623
