epoch,accuracy,jaccard_coef,loss,lr,val_accuracy,val_jaccard_coef,val_loss
0,0.8494172096252441,0.3650966286659241,0.47804147005081177,5e-05,0.9350126385688782,0.6050057411193848,0.24712978303432465
1,0.9446444511413574,0.537700891494751,0.30735358595848083,5e-05,0.9440590739250183,0.6075681447982788,0.24595096707344055
2,0.9633622169494629,0.6198893189430237,0.2405666559934616,5e-05,0.9649845361709595,0.691324770450592,0.1835871785879135
3,0.971243679523468,0.6863532066345215,0.19095200300216675,5e-05,0.9702967405319214,0.7376261949539185,0.1519583761692047
4,0.9748629331588745,0.7307860255241394,0.15946894884109497,5e-05,0.9718162417411804,0.7639894485473633,0.13495853543281555
5,0.9765058755874634,0.7624277472496033,0.13806967437267303,5e-05,0.973017156124115,0.7869399189949036,0.11978346109390259
6,0.9780872464179993,0.7903584837913513,0.11879441887140274,5e-05,0.9751065373420715,0.8089448809623718,0.10650041699409485
7,0.9791655540466309,0.8108946681022644,0.10659396648406982,5e-05,0.9748642444610596,0.813345193862915,0.10420795530080795
8,0.9793388843536377,0.8224349021911621,0.09888039529323578,5e-05,0.9748133420944214,0.824806809425354,0.09650131314992905
9,0.9803500771522522,0.8368488550186157,0.08979619294404984,5e-05,0.9748143553733826,0.8308349847793579,0.09305836260318756
10,0.9809805154800415,0.8454816937446594,0.08454906195402145,5e-05,0.9771221280097961,0.8419362902641296,0.08633345365524292
11,0.9807519316673279,0.8474493026733398,0.08377303928136826,5e-05,0.9751003980636597,0.8354874849319458,0.09012512117624283
12,0.9809833765029907,0.8540305495262146,0.07967780530452728,5e-05,0.9767003059387207,0.8456067442893982,0.08446335792541504
13,0.9815390110015869,0.8595272898674011,0.07646196335554123,5e-05,0.974985659122467,0.8403328061103821,0.08746736496686935
14,0.9819285869598389,0.8631741404533386,0.0740416869521141,5e-05,0.9777643084526062,0.8518145680427551,0.08102501928806305
15,0.9809666872024536,0.8580238819122314,0.07750112563371658,5e-05,0.9772319197654724,0.8513365983963013,0.08096880465745926
16,0.9819954037666321,0.8668875098228455,0.07195936143398285,5e-05,0.9770391583442688,0.8537032008171082,0.07961158454418182
17,0.9827456474304199,0.8720501065254211,0.0688583105802536,5e-05,0.977703869342804,0.855311393737793,0.07844316959381104
18,0.9827339053153992,0.8721679449081421,0.06878071278333664,5e-05,0.9777944087982178,0.8569527864456177,0.0778399407863617
19,0.9831441640853882,0.8754216432571411,0.0668393149971962,5e-05,0.9783196449279785,0.8626623153686523,0.0743306502699852
20,0.9828119874000549,0.8746609091758728,0.06733520328998566,5e-05,0.9794794321060181,0.8655623197555542,0.0725887194275856
21,0.9832671880722046,0.8781425356864929,0.06529523432254791,5e-05,0.9792736768722534,0.863662600517273,0.0735546126961708
22,0.9833413362503052,0.8778996467590332,0.06541772931814194,5e-05,0.9791687726974487,0.8651935458183289,0.07255759835243225
23,0.9837406277656555,0.8807703852653503,0.06374895572662354,5e-05,0.9796767830848694,0.8648626208305359,0.07330010831356049
24,0.9831508994102478,0.8780080080032349,0.06527115404605865,5e-05,0.9780299663543701,0.8592525720596313,0.076471708714962
25,0.9837115406990051,0.8814690709114075,0.06385339796543121,5e-05,0.9790946245193481,0.8658934235572815,0.07286418974399567
26,0.9840089082717896,0.8827398419380188,0.06279885768890381,5e-06,0.9797993302345276,0.8667816519737244,0.07172347605228424
27,0.9840642809867859,0.8844413161277771,0.06176760792732239,5e-06,0.9789494872093201,0.8662056922912598,0.07308150082826614
28,0.9841588139533997,0.8848682045936584,0.06176018342375755,5e-06,0.9792742729187012,0.8690761923789978,0.07046570628881454
29,0.9844689965248108,0.8854690194129944,0.06115143001079559,5e-06,0.9799766540527344,0.8680588006973267,0.07130040228366852
30,0.9843806028366089,0.886066198348999,0.06088869646191597,5e-06,0.9787855744361877,0.866735577583313,0.07227090746164322
31,0.9843454957008362,0.8860689401626587,0.06098943576216698,5e-06,0.980678379535675,0.8713306784629822,0.0692874938249588
32,0.9845350384712219,0.8870481848716736,0.060171160846948624,5e-06,0.9795283079147339,0.8665258288383484,0.0722573772072792
33,0.984652042388916,0.8868439793586731,0.06038438156247139,5e-06,0.979452908039093,0.8694459795951843,0.07039137184619904
34,0.98475182056427,0.8884923458099365,0.059375740587711334,5e-06,0.9787943363189697,0.864317774772644,0.07383204996585846
35,0.9845545887947083,0.8866778016090393,0.060051798820495605,5e-06,0.9796215295791626,0.8697222471237183,0.07003254443407059
36,0.9845519661903381,0.8878552913665771,0.059985656291246414,5e-06,0.9802783131599426,0.8689855337142944,0.07129240036010742
37,0.9846831560134888,0.8876917362213135,0.059794310480356216,5e-07,0.9794783592224121,0.8694499731063843,0.07076633721590042
38,0.9846581220626831,0.8886988759040833,0.05923953652381897,5e-07,0.9800963401794434,0.8703005909919739,0.06968813389539719
39,0.9844468832015991,0.8859917521476746,0.061212003231048584,5e-07,0.9792320132255554,0.8690124154090881,0.07093115895986557
40,0.984879195690155,0.8887760639190674,0.05926676467061043,5e-07,0.9805119037628174,0.8702773451805115,0.06963513046503067
41,0.9847757816314697,0.8889858722686768,0.05906625837087631,5e-07,0.9791107773780823,0.8690714240074158,0.0707690641283989
