epoch,accuracy,jaccard_coef,loss,lr,val_accuracy,val_jaccard_coef,val_loss
0,0.9511526823043823,0.688032329082489,0.19502466917037964,0.001,0.9518768787384033,0.7321723699569702,0.1591300666332245
1,0.9677331447601318,0.77890944480896,0.12745262682437897,0.001,0.9610127806663513,0.7586292624473572,0.1408107727766037
2,0.9680029153823853,0.7803252339363098,0.12690383195877075,0.001,0.9679425358772278,0.8009735941886902,0.1115717887878418
3,0.9714990258216858,0.8037475943565369,0.11135249584913254,0.001,0.9709991216659546,0.8126266598701477,0.10452503710985184
4,0.9725191593170166,0.8059790134429932,0.11101439595222473,0.001,0.9666020274162292,0.7945225238800049,0.11639454215765
5,0.9736776351928711,0.8150238990783691,0.10448658466339111,0.001,0.9735590219497681,0.8260276317596436,0.0962921679019928
6,0.9741248488426208,0.8169212341308594,0.10287488996982574,0.001,0.9732396006584167,0.8250914812088013,0.09727314114570618
7,0.9737130403518677,0.8161213994026184,0.10358007252216339,0.001,0.970272958278656,0.8072823286056519,0.10949359834194183
8,0.9763068556785583,0.8312002420425415,0.09398355334997177,0.001,0.9734671115875244,0.8244688510894775,0.09772288799285889
9,0.9758390188217163,0.8288730382919312,0.09632434695959091,0.001,0.9610702395439148,0.761971116065979,0.1370222121477127
10,0.9751807451248169,0.8223345875740051,0.10022313892841339,0.001,0.9685541391372681,0.8019160032272339,0.11172541975975037
11,0.9773153066635132,0.8378243446350098,0.09068682044744492,0.000100000005,0.975267231464386,0.8407054543495178,0.08762998133897781
12,0.9785803556442261,0.8461705446243286,0.08550587296485901,0.000100000005,0.9756323099136353,0.8408105373382568,0.08759839832782745
13,0.9794518947601318,0.852859616279602,0.0809636041522026,0.000100000005,0.9755999445915222,0.8391593098640442,0.09040075540542603
14,0.9799960851669312,0.8543980121612549,0.08046959340572357,0.000100000005,0.976850152015686,0.8489652872085571,0.08290466666221619
15,0.9805448651313782,0.8591314554214478,0.07706793397665024,0.000100000005,0.9769024848937988,0.8487251996994019,0.08297881484031677
16,0.9804095029830933,0.8584999442100525,0.07776317745447159,0.000100000005,0.9767128825187683,0.8483042120933533,0.08351536840200424
17,0.9804863333702087,0.8593905568122864,0.07724960893392563,0.000100000005,0.9765963554382324,0.8482313752174377,0.08482754975557327
18,0.9807854294776917,0.8607985377311707,0.0763581320643425,0.000100000005,0.9771323800086975,0.8530004024505615,0.08107136934995651
19,0.9808396100997925,0.8603999614715576,0.07742577791213989,0.000100000005,0.9772405028343201,0.8554599285125732,0.07889094948768616
20,0.9810753464698792,0.860809862613678,0.07679476588964462,0.000100000005,0.9770509600639343,0.8526122570037842,0.08063645660877228
21,0.9810081124305725,0.8626146912574768,0.07523185759782791,0.000100000005,0.9775311946868896,0.8557424545288086,0.07840761542320251
22,0.9812439680099487,0.8609738945960999,0.07722414284944534,0.000100000005,0.9774007201194763,0.8544753193855286,0.07966848462820053
23,0.9812293648719788,0.8643215894699097,0.07426528632640839,0.000100000005,0.978184163570404,0.853488028049469,0.08047298341989517
24,0.981546938419342,0.8666892647743225,0.07300930470228195,0.000100000005,0.9772899746894836,0.8517986536026001,0.08172308653593063
25,0.9816728234291077,0.8666276335716248,0.07335077226161957,0.000100000005,0.9780681133270264,0.8561004996299744,0.07844848930835724
26,0.98142409324646,0.8639531135559082,0.07506973296403885,0.000100000005,0.977949857711792,0.8580693006515503,0.07706310600042343
27,0.9818071126937866,0.8682652115821838,0.0716528445482254,0.000100000005,0.9784982800483704,0.859021008014679,0.07659270614385605
28,0.9819607734680176,0.8684380650520325,0.07174553722143173,0.000100000005,0.9782918095588684,0.8589447140693665,0.07680138945579529
29,0.9820036292076111,0.8690478801727295,0.07171010971069336,0.000100000005,0.9781962633132935,0.8591049909591675,0.07664757966995239
30,0.9820315837860107,0.8686310648918152,0.071781225502491,0.000100000005,0.9780426621437073,0.8593708872795105,0.07674173265695572
31,0.9819846749305725,0.8700400590896606,0.0706668272614479,0.000100000005,0.9780365228652954,0.8583687543869019,0.07707203924655914
32,0.9819868206977844,0.8690195679664612,0.07137244939804077,0.000100000005,0.9775769114494324,0.8511379957199097,0.08349473029375076
33,0.9819191694259644,0.8697474598884583,0.07123003154993057,1.0000001e-05,0.978827714920044,0.8623883724212646,0.07457789778709412
34,0.9823364019393921,0.8695444464683533,0.0713198259472847,1.0000001e-05,0.9779473543167114,0.8593204021453857,0.07670259475708008
35,0.9822489619255066,0.8703522086143494,0.07090561836957932,1.0000001e-05,0.9786056280136108,0.8637793660163879,0.07407758384943008
36,0.9822043180465698,0.8693323135375977,0.07175032794475555,1.0000001e-05,0.9790465235710144,0.8625189661979675,0.0745639055967331
37,0.982194185256958,0.8711565136909485,0.07025013118982315,1.0000001e-05,0.9784352779388428,0.8629656434059143,0.0743238553404808
38,0.9822607636451721,0.8691574335098267,0.07150768488645554,1.0000001e-05,0.9784712791442871,0.8603156208992004,0.07619556039571762
39,0.982774555683136,0.8712183237075806,0.07098414748907089,1.0000001e-05,0.9785750508308411,0.8622366189956665,0.0750654861330986
40,0.9828211665153503,0.8725230693817139,0.06949461996555328,1.0000001e-05,0.977437436580658,0.8572496771812439,0.07868756353855133
41,0.9827443957328796,0.8744676113128662,0.06784196197986603,1.0000001e-06,0.9788881540298462,0.8633038401603699,0.07439003139734268
42,0.9823452830314636,0.8702538013458252,0.07098750025033951,1.0000001e-06,0.9782775044441223,0.8580362200737,0.077802374958992
43,0.9826021790504456,0.8727964758872986,0.06927497684955597,1.0000001e-06,0.9782660603523254,0.8605270385742188,0.07583455741405487
44,0.9826037287712097,0.8706356883049011,0.07093485444784164,1.0000001e-06,0.9794507622718811,0.8646043539047241,0.0733937993645668
45,0.982591986656189,0.8734370470046997,0.06872821599245071,1.0000001e-06,0.9782198071479797,0.8626351952552795,0.07469311356544495
46,0.9824609160423279,0.8726395964622498,0.06954243779182434,1.0000001e-06,0.9787746667861938,0.8577767610549927,0.07787385582923889
47,0.98272305727005,0.8718664050102234,0.06975236535072327,1.0000001e-06,0.9784919619560242,0.8623857498168945,0.07492132484912872
48,0.9826499819755554,0.8730797171592712,0.06887678056955338,1.0000001e-06,0.9779400825500488,0.8543133735656738,0.08170478790998459
49,0.9826173782348633,0.8718194961547852,0.06983447819948196,1.0000001e-06,0.9780137538909912,0.8604801297187805,0.07655244320631027
50,0.9824724793434143,0.8733401298522949,0.06887058913707733,1.0000001e-07,0.9791199564933777,0.8603676557540894,0.07599002122879028
51,0.9825717210769653,0.8718955516815186,0.07006034255027771,1.0000001e-07,0.9791077375411987,0.861723005771637,0.07528699934482574
52,0.9826028943061829,0.8715269565582275,0.07039215415716171,1.0000001e-07,0.9780475497245789,0.8624258041381836,0.0751105546951294
53,0.9821524024009705,0.869922935962677,0.07186895608901978,1.0000001e-07,0.978605329990387,0.8602765798568726,0.0765308141708374
54,0.982483983039856,0.8718242049217224,0.06960847228765488,1.0000001e-07,0.9789107441902161,0.8593616485595703,0.07753289490938187
