epoch,accuracy,jaccard_coef,loss,lr,val_accuracy,val_jaccard_coef,val_loss
0,0.8608927726745605,0.3928244113922119,0.4506210386753082,5e-05,0.9324365258216858,0.5798729658126831,0.26747989654541016
1,0.9507598876953125,0.5592402815818787,0.29130762815475464,5e-05,0.9515204429626465,0.6334762573242188,0.22641833126544952
2,0.9674245715141296,0.66014564037323,0.21091865003108978,5e-05,0.9541354179382324,0.6903736591339111,0.18439270555973053
3,0.9733099341392517,0.7218758463859558,0.1655832678079605,5e-05,0.9667084813117981,0.7491233944892883,0.1449793428182602
4,0.9760570526123047,0.7616793513298035,0.13847124576568604,5e-05,0.9724374413490295,0.789557933807373,0.11824355274438858
5,0.9776735305786133,0.7921326756477356,0.11836216598749161,5e-05,0.9751758575439453,0.8130773901939392,0.10361304879188538
6,0.9783472418785095,0.8074596524238586,0.10870248824357986,5e-05,0.9769067168235779,0.8286263942718506,0.09409622102975845
7,0.9789625406265259,0.8242533802986145,0.0979999527335167,5e-05,0.9766364097595215,0.8301447629928589,0.09340798854827881
8,0.979941189289093,0.8352504372596741,0.09118618071079254,5e-05,0.9649112820625305,0.7882649302482605,0.11888426542282104
9,0.9796835780143738,0.8396597504615784,0.0885816365480423,5e-05,0.9773933291435242,0.8416023254394531,0.086752749979496
10,0.9806779026985168,0.849578857421875,0.0822257325053215,5e-05,0.9771466255187988,0.8451219797134399,0.0844833105802536
11,0.9809244275093079,0.8548005223274231,0.07910186797380447,5e-05,0.9765700697898865,0.8480397462844849,0.08308199048042297
12,0.9810926914215088,0.8566443920135498,0.07827039808034897,5e-05,0.9774784445762634,0.8488261103630066,0.0833086296916008
13,0.9813424944877625,0.8604763150215149,0.07605185359716415,5e-05,0.9788156747817993,0.8578197956085205,0.0768829956650734
14,0.9815009236335754,0.8619009256362915,0.07500258088111877,5e-05,0.9784797430038452,0.8583585619926453,0.0765482559800148
15,0.9817668795585632,0.8663989901542664,0.07221681624650955,5e-05,0.9775629043579102,0.8565903902053833,0.07805095613002777
16,0.9820047616958618,0.8672896027565002,0.07183720916509628,5e-05,0.9777420163154602,0.8539084792137146,0.07974421232938766
17,0.9823181629180908,0.8705345988273621,0.06978162378072739,5e-05,0.9767017960548401,0.8518741726875305,0.08070661127567291
18,0.9822392463684082,0.8687441349029541,0.07089772075414658,5e-05,0.977658748626709,0.855303943157196,0.07888586074113846
19,0.9824086427688599,0.8719366192817688,0.06932385265827179,5e-05,0.9787152409553528,0.8597403764724731,0.07588215917348862
20,0.9828426241874695,0.8739292025566101,0.06776343286037445,5e-05,0.9790056943893433,0.8641330003738403,0.07323164492845535
21,0.9829375743865967,0.8752465844154358,0.06713680922985077,5e-05,0.9792583584785461,0.8643249273300171,0.07395904511213303
22,0.9828615188598633,0.8762197494506836,0.06650948524475098,5e-05,0.9782887101173401,0.8600500226020813,0.0764748752117157
23,0.9831743240356445,0.8763291835784912,0.06674312800168991,5e-05,0.9784529805183411,0.8629969358444214,0.07401017844676971
24,0.9826962351799011,0.8743762969970703,0.0676092728972435,5e-05,0.9794010519981384,0.8647892475128174,0.07339324057102203
25,0.9835164546966553,0.8795148730278015,0.06462159752845764,5e-05,0.9794211387634277,0.8624616265296936,0.07432111352682114
26,0.9834161996841431,0.8798850178718567,0.06482451409101486,5e-06,0.978682279586792,0.8649061322212219,0.07351143658161163
27,0.9837601780891418,0.8812437057495117,0.06361816078424454,5e-06,0.9801238775253296,0.8692864179611206,0.0703083872795105
28,0.9840038418769836,0.883021354675293,0.06247894465923309,5e-06,0.9786786437034607,0.863664984703064,0.07400520145893097
29,0.9841187000274658,0.8834077715873718,0.062336307018995285,5e-06,0.9785497188568115,0.8631649613380432,0.0745440274477005
30,0.9839968085289001,0.88409823179245,0.06192261725664139,5e-06,0.9799607992172241,0.8671036958694458,0.07216893881559372
31,0.9840218424797058,0.8832321763038635,0.06263456493616104,5e-06,0.9795750975608826,0.8663870096206665,0.07229387015104294
32,0.9843336939811707,0.8848609924316406,0.06151976063847542,5e-06,0.9788626432418823,0.870250940322876,0.07006509602069855
33,0.9842451214790344,0.8849114775657654,0.061481066048145294,5e-06,0.9787644743919373,0.864161491394043,0.074075847864151
34,0.9841758012771606,0.8841217160224915,0.06200810894370079,5e-06,0.9792171120643616,0.8671784400939941,0.07174068689346313
35,0.9842147827148438,0.8843631148338318,0.061773065477609634,5e-06,0.9794618487358093,0.8680791258811951,0.07121694087982178
36,0.9843734502792358,0.8854379653930664,0.06112716719508171,5e-06,0.9793447852134705,0.8686877489089966,0.0706111267209053
37,0.9844797253608704,0.8852278590202332,0.061254192143678665,5e-06,0.9806864261627197,0.8711833953857422,0.06944852322340012
38,0.984252393245697,0.8852958679199219,0.061199698597192764,5e-06,0.9783180356025696,0.8637474775314331,0.07422611117362976
39,0.9844751954078674,0.8869638442993164,0.0602579228579998,5e-06,0.9798802733421326,0.8695427179336548,0.07035847753286362
40,0.9844934344291687,0.8861588835716248,0.06071823090314865,5e-06,0.9799755811691284,0.8661343455314636,0.07304854691028595
41,0.9843643307685852,0.8852658271789551,0.06127339228987694,5e-06,0.9786277413368225,0.8662914037704468,0.07207726687192917
42,0.9843025803565979,0.8852766752243042,0.06121550500392914,5e-06,0.980630099773407,0.8696204423904419,0.07078804075717926
43,0.9842461347579956,0.8855391144752502,0.061069417744874954,5e-07,0.978892982006073,0.8666467070579529,0.07231973856687546
44,0.9843834638595581,0.8850393891334534,0.061433155089616776,5e-07,0.979062557220459,0.8665904998779297,0.0723499283194542
45,0.9844301342964172,0.8855387568473816,0.061185214668512344,5e-07,0.9810227155685425,0.8733986616134644,0.0678979679942131
46,0.9845038652420044,0.8868445754051208,0.060356903821229935,5e-07,0.978890597820282,0.8703568577766418,0.06991945952177048
47,0.9843811988830566,0.8854963183403015,0.06115749105811119,5e-07,0.979739248752594,0.8669049143791199,0.07212432473897934
48,0.9844906330108643,0.8862178325653076,0.06069806218147278,5e-07,0.9797272086143494,0.8679096698760986,0.07148264348506927
49,0.9842829704284668,0.8851464986801147,0.0613509900867939,5e-07,0.9783164858818054,0.8672255277633667,0.07170982658863068
50,0.9844954013824463,0.8865597248077393,0.06057560071349144,5e-07,0.9804865717887878,0.8726374506950378,0.06876545399427414
51,0.9844666719436646,0.8861831426620483,0.06082485616207123,5e-08,0.9797800183296204,0.8689660429954529,0.07093364745378494
52,0.9843945503234863,0.8857378363609314,0.06107243895530701,5e-08,0.9797421097755432,0.8673340082168579,0.07173442840576172
53,0.9843396544456482,0.8851926922798157,0.06137635186314583,5e-08,0.9789892435073853,0.8660878539085388,0.07275034487247467
54,0.9843671321868896,0.8863325715065002,0.06062522158026695,5e-08,0.9790947437286377,0.868033230304718,0.07137228548526764
55,0.9845439195632935,0.886811375617981,0.060371316969394684,5e-08,0.9805353879928589,0.871336042881012,0.06906180083751678
