epoch,accuracy,jaccard_coef,loss,lr,val_accuracy,val_jaccard_coef,val_loss
0,0.808557391166687,0.32390308380126953,0.5314937829971313,1e-05,0.8426560759544373,0.3974011242389679,0.4402197301387787
1,0.9153922200202942,0.450143426656723,0.39811158180236816,1e-05,0.9156332015991211,0.4898455739021301,0.35126858949661255
2,0.9372555613517761,0.5089464783668518,0.3463394045829773,1e-05,0.9513483643531799,0.5801804661750793,0.27520090341567993
3,0.9505290389060974,0.5590978264808655,0.3029932677745819,1e-05,0.9626132249832153,0.635835587978363,0.22974340617656708
4,0.9589979648590088,0.601270318031311,0.2679557800292969,1e-05,0.9386592507362366,0.5964757204055786,0.26299405097961426
5,0.9634270071983337,0.6352968215942383,0.2415943741798401,1e-05,0.9626242518424988,0.684958279132843,0.19231733679771423
6,0.9669622182846069,0.665671169757843,0.21768145263195038,1e-05,0.9642062783241272,0.7112014889717102,0.17289482057094574
7,0.9688740968704224,0.6899082660675049,0.1999351978302002,1e-05,0.9686613082885742,0.74163818359375,0.15342964231967926
8,0.9713775515556335,0.7126293182373047,0.18208777904510498,1e-05,0.9698519110679626,0.7534868121147156,0.1451452374458313
9,0.973210871219635,0.7370139360427856,0.16272249817848206,1e-05,0.9692367911338806,0.7590071558952332,0.14189836382865906
10,0.97407466173172,0.7500124573707581,0.1547902375459671,1e-05,0.967631995677948,0.7687934041023254,0.13466668128967285
11,0.9752108454704285,0.7648386359214783,0.1433405727148056,1e-05,0.9682496786117554,0.7843418121337891,0.12368656694889069
12,0.9754949808120728,0.7754167318344116,0.1362435519695282,1e-05,0.9720803499221802,0.7951045036315918,0.12042955309152603
13,0.9759880900382996,0.7804654836654663,0.13526810705661774,1e-05,0.9745779037475586,0.8101816177368164,0.10837060213088989
14,0.9766873717308044,0.7929497957229614,0.12526088953018188,1e-05,0.9726484417915344,0.8164282441139221,0.1038549616932869
15,0.9773727655410767,0.8026540875434875,0.1176953986287117,1e-05,0.9741010665893555,0.8210776448249817,0.10116825252771378
16,0.9774971604347229,0.8021394610404968,0.1199972853064537,1e-05,0.9747202396392822,0.8163537383079529,0.10672714561223984
17,0.9779396057128906,0.8119942545890808,0.11232311278581619,1e-05,0.975976824760437,0.8204153776168823,0.106098473072052
18,0.9782379269599915,0.8190251588821411,0.1064806580543518,1e-05,0.9743884801864624,0.8258187770843506,0.10003244876861572
19,0.9783065915107727,0.8219456672668457,0.10461517423391342,1e-05,0.9738125801086426,0.8259152770042419,0.0995015799999237
20,0.9782314896583557,0.8208973407745361,0.10602113604545593,1e-05,0.9766689538955688,0.8416953682899475,0.08849747478961945
21,0.978678822517395,0.8253238201141357,0.10388798266649246,1e-05,0.9762277603149414,0.8388555645942688,0.09053144603967667
22,0.9790428876876831,0.8304006457328796,0.09998141974210739,1e-05,0.9760488271713257,0.8372901082038879,0.09203346818685532
23,0.9790961146354675,0.8287599086761475,0.1017097532749176,1e-05,0.9772843718528748,0.8405182957649231,0.09078100323677063
24,0.979636549949646,0.8354613780975342,0.09592457860708237,1e-05,0.9746731519699097,0.83794766664505,0.0911676436662674
25,0.9797135591506958,0.8359742164611816,0.09536892175674438,1e-05,0.9775288105010986,0.8441514372825623,0.08675452321767807
26,0.9797674417495728,0.8396880626678467,0.09390444308519363,1e-05,0.9766556024551392,0.8454357981681824,0.08764926344156265
27,0.9801509380340576,0.8427589535713196,0.09132783859968185,1e-05,0.9752932786941528,0.8403235077857971,0.09031956642866135
28,0.9802296161651611,0.8402502536773682,0.09465788304805756,1e-05,0.9751059412956238,0.8383458852767944,0.09332135319709778
29,0.9802515506744385,0.8435107469558716,0.09098871797323227,1e-05,0.9773296117782593,0.8454915881156921,0.08647854626178741
30,0.9800804853439331,0.8427924513816833,0.09256722778081894,1e-05,0.9760845303535461,0.838237464427948,0.09351742267608643
31,0.980471134185791,0.8443582653999329,0.09067262709140778,1e-05,0.9765624403953552,0.850914716720581,0.08194523304700851
32,0.98046875,0.8464699983596802,0.08973375707864761,1e-05,0.9733022451400757,0.82985520362854,0.0981014221906662
33,0.9806157350540161,0.8492193222045898,0.08726537227630615,1e-05,0.977516770362854,0.8474541902542114,0.08589717745780945
34,0.9809192419052124,0.8506559133529663,0.08564913272857666,1e-05,0.9769966006278992,0.8465219736099243,0.08656836301088333
35,0.9808889627456665,0.8498581051826477,0.0874098688364029,1e-05,0.9768351912498474,0.8439258337020874,0.09080521762371063
36,0.9813564419746399,0.8526672720909119,0.08445039391517639,1e-05,0.9749996066093445,0.8396432399749756,0.09068289399147034
37,0.981609046459198,0.8535904884338379,0.08561041206121445,1e-06,0.9770494103431702,0.8476288318634033,0.08728015422821045
38,0.9817623496055603,0.8543763160705566,0.08443447202444077,1e-06,0.9785370826721191,0.8483864068984985,0.08811738342046738
39,0.9812113046646118,0.8504676818847656,0.08872397243976593,1e-06,0.9786966443061829,0.8498510122299194,0.08534259349107742
40,0.9819301962852478,0.8588263392448425,0.08139635622501373,1e-06,0.9778273701667786,0.8533944487571716,0.08276815712451935
41,0.9816234111785889,0.8564329743385315,0.08305824548006058,1e-06,0.9782310128211975,0.8524737358093262,0.08263085037469864
