epoch,accuracy,jaccard_coef,loss,lr,val_accuracy,val_jaccard_coef,val_loss
0,0.9146889448165894,0.5170911550521851,0.33714529871940613,5e-05,0.9609451293945312,0.6937958598136902,0.18327170610427856
1,0.9683846831321716,0.7071788907051086,0.17965222895145416,5e-05,0.9723372459411621,0.7855374217033386,0.12287647277116776
2,0.9741014838218689,0.7715924382209778,0.1348561942577362,5e-05,0.971265435218811,0.8039586544036865,0.10999605059623718
3,0.976854681968689,0.8119255900382996,0.10696300119161606,5e-05,0.9732772707939148,0.8193719387054443,0.10077647864818573
4,0.9775537848472595,0.8223074674606323,0.10174205154180527,5e-05,0.9738931655883789,0.8300917744636536,0.09592321515083313
5,0.9787910580635071,0.8381801247596741,0.09049399942159653,5e-05,0.9752441644668579,0.8376951217651367,0.0896075963973999
6,0.9792648553848267,0.8441299200057983,0.08620709925889969,5e-05,0.9745786190032959,0.8365358710289001,0.09107909351587296
7,0.9796373844146729,0.8494182229042053,0.08306699246168137,5e-05,0.9765087962150574,0.845998227596283,0.08662492036819458
8,0.9802523851394653,0.8539751768112183,0.0802936777472496,5e-05,0.9763838648796082,0.8458592891693115,0.08489517867565155
9,0.9798206686973572,0.8529702425003052,0.08191824704408646,5e-05,0.9767986536026001,0.8511930108070374,0.08188086748123169
10,0.9805777072906494,0.8561906814575195,0.07922887057065964,5e-05,0.9768139123916626,0.8495659232139587,0.08237110078334808
11,0.980689287185669,0.8587151765823364,0.07849940657615662,5e-05,0.9767964482307434,0.8515812158584595,0.08136133849620819
12,0.9810881614685059,0.8607955574989319,0.07656364887952805,5e-05,0.9769258499145508,0.8514061570167542,0.08163250982761383
13,0.9811935424804688,0.8638014793395996,0.07445765286684036,5e-05,0.9771126508712769,0.8505045175552368,0.08260525017976761
14,0.9815382361412048,0.8641932606697083,0.07504721730947495,5e-05,0.9783156514167786,0.8590779304504395,0.07713160663843155
15,0.9817044138908386,0.864787757396698,0.07395825535058975,5e-05,0.9782735109329224,0.8599447011947632,0.0763721764087677
16,0.9818332195281982,0.8677881956100464,0.0722472071647644,5e-05,0.9770280718803406,0.8530218005180359,0.08140066266059875
17,0.9821444153785706,0.8706318736076355,0.07052328437566757,5e-05,0.9775446653366089,0.8548473119735718,0.08083447068929672
18,0.9824553728103638,0.8717414736747742,0.06966666132211685,5e-05,0.9786564111709595,0.8635562062263489,0.07493714243173599
19,0.9823094606399536,0.8704750537872314,0.07140376418828964,5e-05,0.9779332876205444,0.8613303899765015,0.07545026391744614
20,0.982705295085907,0.8710588216781616,0.07071439921855927,5e-05,0.9788028001785278,0.8636727929115295,0.0741497203707695
21,0.9825579524040222,0.8725439310073853,0.06925297528505325,5e-05,0.9782362580299377,0.8605397343635559,0.07619087398052216
22,0.9827558398246765,0.8704912066459656,0.07169193774461746,5e-05,0.9786180853843689,0.8646731972694397,0.0736117959022522
23,0.9832507371902466,0.8765918612480164,0.06690581142902374,5e-05,0.9795229434967041,0.8637208342552185,0.07459405064582825
24,0.9830023050308228,0.8745138049125671,0.06837697327136993,5e-05,0.9785942435264587,0.8614611029624939,0.07616172730922699
25,0.983148992061615,0.8761090040206909,0.0677136778831482,5e-05,0.9789865612983704,0.8641315698623657,0.07372813671827316
26,0.9828623533248901,0.872830331325531,0.0694618746638298,5e-05,0.977425217628479,0.8604832887649536,0.0765957459807396
27,0.9836527705192566,0.8799468874931335,0.06469272077083588,5e-05,0.9791006445884705,0.8627331256866455,0.07465025037527084
28,0.9844470620155334,0.8849643468856812,0.061784569174051285,5e-06,0.978630542755127,0.8672927618026733,0.07225432991981506
29,0.9843915700912476,0.8843989968299866,0.0625009685754776,5e-06,0.9801570773124695,0.8705596923828125,0.0701620802283287
30,0.9844598174095154,0.8845372796058655,0.062420882284641266,5e-06,0.9797925353050232,0.8713541030883789,0.06990945339202881
31,0.984585702419281,0.8861764669418335,0.06115037947893143,5e-06,0.9803300499916077,0.8726693391799927,0.06858693808317184
32,0.9845944046974182,0.8860287070274353,0.061307791620492935,5e-06,0.9794113636016846,0.8648297786712646,0.07532404363155365
33,0.9845632910728455,0.8860871195793152,0.0612381249666214,5e-06,0.9803010821342468,0.8735783100128174,0.06797686964273453
34,0.9847337007522583,0.8850308060646057,0.061822909861803055,5e-06,0.9796075820922852,0.8708434104919434,0.07001665234565735
35,0.9847079515457153,0.8863061666488647,0.06137627363204956,5e-06,0.9800503849983215,0.8731359243392944,0.06877008825540543
36,0.9847297668457031,0.8847455382347107,0.062389619648456573,5e-06,0.9805642366409302,0.8716719150543213,0.0692908763885498
37,0.9846393465995789,0.8868675231933594,0.06091906875371933,5e-06,0.9802600741386414,0.8749153017997742,0.06741122156381607
38,0.9847490191459656,0.8856444954872131,0.06172098591923714,5e-06,0.9802635312080383,0.8736783266067505,0.06830606609582901
39,0.9848107695579529,0.8853074312210083,0.06275749206542969,5e-06,0.9801381230354309,0.8717793822288513,0.06963782757520676
40,0.9850050210952759,0.8870518803596497,0.06101832166314125,5e-06,0.9786878824234009,0.866698145866394,0.07331173866987228
41,0.9851232767105103,0.8900835514068604,0.05878446623682976,5e-06,0.9801844954490662,0.8725590705871582,0.06900997459888458
42,0.9847988486289978,0.8871672749519348,0.060860008001327515,5e-06,0.9801000952720642,0.8707362413406372,0.07049420475959778
43,0.9849414825439453,0.8875080943107605,0.060704052448272705,5e-07,0.979902982711792,0.8713722825050354,0.06961452960968018
44,0.9848667979240417,0.8867550492286682,0.06119932606816292,5e-07,0.980965793132782,0.8751682639122009,0.06729616969823837
45,0.9850690364837646,0.8894798755645752,0.05912230163812637,5e-07,0.9797117710113525,0.8723781108856201,0.06909376382827759
46,0.9850104451179504,0.8883832693099976,0.06024713069200516,5e-07,0.980408787727356,0.870033860206604,0.07060439884662628
47,0.9852469563484192,0.8890509605407715,0.05960521847009659,5e-07,0.9801750779151917,0.8733307719230652,0.06864942610263824
48,0.9849584102630615,0.8887239098548889,0.059556521475315094,5e-07,0.9795759916305542,0.8683032989501953,0.07262180745601654
49,0.9849907159805298,0.8879156112670898,0.06034407764673233,5e-07,0.979633629322052,0.8714144825935364,0.07019248604774475
50,0.9850306510925293,0.8896001577377319,0.05940721929073334,5e-08,0.98103928565979,0.8717277646064758,0.07090296596288681
51,0.9850807785987854,0.8880755305290222,0.06069711968302727,5e-08,0.980372965335846,0.8708840608596802,0.06999041885137558
52,0.9849337935447693,0.8874127268791199,0.0608530268073082,5e-08,0.9799096584320068,0.8748772740364075,0.06787366420030594
53,0.9849060773849487,0.8860993981361389,0.062363579869270325,5e-08,0.9799063205718994,0.8679407238960266,0.07260532677173615
54,0.9849403500556946,0.8881673812866211,0.05993674322962761,5e-08,0.9805713891983032,0.8719187378883362,0.0699341744184494
