epoch,accuracy,jaccard_coef,loss,lr,val_accuracy,val_jaccard_coef,val_loss
0,0.904405951499939,0.4939340651035309,0.35799339413642883,5e-05,0.9653367400169373,0.6934431791305542,0.1830640286207199
1,0.9655202627182007,0.6687443852424622,0.20823991298675537,5e-05,0.9665917158126831,0.7428611516952515,0.1501292884349823
2,0.9722864627838135,0.7375811338424683,0.15894396603107452,5e-05,0.9699299931526184,0.7867947816848755,0.12060321122407913
3,0.9758292436599731,0.7864429950714111,0.12403490394353867,5e-05,0.9725638031959534,0.8121163249015808,0.1052372008562088
4,0.9768679141998291,0.8039753437042236,0.11380527913570404,5e-05,0.9723160266876221,0.8181180953979492,0.10202781856060028
5,0.9783637523651123,0.8265129327774048,0.09806880354881287,5e-05,0.9752455949783325,0.8328129053115845,0.09257234632968903
6,0.978954017162323,0.8353638648986816,0.09193684160709381,5e-05,0.9741435647010803,0.8256427049636841,0.09866441041231155
7,0.979073703289032,0.8405500054359436,0.08878463506698608,5e-05,0.9765313863754272,0.8439555764198303,0.08774591982364655
8,0.9797179698944092,0.8471240997314453,0.08456600457429886,5e-05,0.976830005645752,0.8462325930595398,0.0847565084695816
9,0.9796383380889893,0.8490832448005676,0.08418893814086914,5e-05,0.9752664566040039,0.8439220786094666,0.0860467404127121
10,0.9805986881256104,0.853910505771637,0.08081850409507751,5e-05,0.976685643196106,0.8480367660522461,0.08329225331544876
11,0.9804242253303528,0.8555052876472473,0.08054491132497787,5e-05,0.9780248403549194,0.8551976084709167,0.07899187505245209
12,0.9805070161819458,0.8557265996932983,0.07983160763978958,5e-05,0.9776982665061951,0.8537783026695251,0.0803309828042984
13,0.9809396266937256,0.8618005514144897,0.07564908266067505,5e-05,0.9765388369560242,0.8504507541656494,0.08257749676704407
14,0.9812241196632385,0.8607436418533325,0.07752472162246704,5e-05,0.9791284799575806,0.8611977696418762,0.07556288689374924
15,0.9812283515930176,0.8611684441566467,0.07614284008741379,5e-05,0.9779932498931885,0.8560686111450195,0.07870679348707199
16,0.9815411567687988,0.8659326434135437,0.07315562665462494,5e-05,0.9760823845863342,0.8483823537826538,0.08413603156805038
17,0.9818565249443054,0.8670240044593811,0.07273423671722412,5e-05,0.9769883751869202,0.8521419167518616,0.08245188742876053
18,0.9824140667915344,0.8710660338401794,0.07007048279047012,5e-05,0.9790657758712769,0.8650631904602051,0.07403377443552017
19,0.9824018478393555,0.8698140382766724,0.07171421498060226,5e-05,0.9781793355941772,0.8616803884506226,0.07525238394737244
20,0.9825210571289062,0.8692433834075928,0.07147994637489319,5e-05,0.9790736436843872,0.8645360469818115,0.07370240986347198
21,0.9821448922157288,0.8696828484535217,0.07095396518707275,5e-05,0.9786831140518188,0.8651747703552246,0.07302930951118469
22,0.9827724695205688,0.8698033690452576,0.0720989927649498,5e-05,0.978461742401123,0.8632799386978149,0.07448418438434601
23,0.9828631281852722,0.8734722137451172,0.06871216744184494,5e-05,0.9791728258132935,0.8616730570793152,0.07586322724819183
24,0.9833569526672363,0.877122700214386,0.06645287573337555,5e-05,0.978344738483429,0.8591561913490295,0.07757017761468887
25,0.9831219911575317,0.8757784962654114,0.06802398711442947,5e-05,0.9796131253242493,0.8671826124191284,0.0718943178653717
26,0.9830875992774963,0.8736841082572937,0.06890562176704407,5e-05,0.9783592224121094,0.8642887473106384,0.07426238805055618
27,0.9833159446716309,0.8772212862968445,0.06631027162075043,5e-05,0.9800043106079102,0.8675310611724854,0.0718020349740982
28,0.9838765263557434,0.8811357617378235,0.06402826309204102,5e-05,0.976939857006073,0.8581157922744751,0.07742314040660858
29,0.9837632775306702,0.8797019124031067,0.06518741697072983,5e-05,0.9796726107597351,0.868136465549469,0.07154542207717896
30,0.9837205410003662,0.8795183897018433,0.06529562920331955,5e-05,0.9793786406517029,0.8688451051712036,0.07129799574613571
31,0.9839860200881958,0.8822147250175476,0.06353982537984848,5e-05,0.9779756665229797,0.85946124792099,0.07636416703462601
32,0.9835777282714844,0.8786194920539856,0.06571823358535767,5e-05,0.9789125919342041,0.8619911074638367,0.07701103389263153
33,0.9839296340942383,0.8813328146934509,0.06417404860258102,5e-05,0.9805213809013367,0.8734007477760315,0.06815776228904724
34,0.9836470484733582,0.8780596852302551,0.06603401899337769,5e-05,0.9799738526344299,0.8696010708808899,0.07045193761587143
35,0.9840790033340454,0.8821904063224792,0.0637873113155365,5e-05,0.9798327088356018,0.8706613779067993,0.07017839699983597
36,0.9841786026954651,0.8813051581382751,0.06440706551074982,5e-05,0.9805030822753906,0.8709996938705444,0.06968653202056885
37,0.983686089515686,0.8804808855056763,0.06470251083374023,5e-05,0.980191171169281,0.871665894985199,0.06911356747150421
38,0.9842138886451721,0.8819818496704102,0.06388060748577118,5e-05,0.9796545505523682,0.8684998154640198,0.07141133397817612
39,0.9846159219741821,0.8839137554168701,0.06361831724643707,5e-06,0.9803148508071899,0.8734155893325806,0.06862502545118332
40,0.9848510026931763,0.8866557478904724,0.061395421624183655,5e-06,0.9794864654541016,0.8706820607185364,0.07095997780561447
41,0.9851257801055908,0.890065610408783,0.058859895914793015,5e-06,0.980741560459137,0.8760949373245239,0.06696727871894836
42,0.9848502278327942,0.8870611786842346,0.060921844094991684,5e-06,0.9803126454353333,0.8715863823890686,0.069999560713768
43,0.9850767254829407,0.8889027237892151,0.059838373214006424,5e-06,0.9803635478019714,0.8740723729133606,0.06806201487779617
44,0.9848839640617371,0.8868347406387329,0.061167970299720764,5e-06,0.981768786907196,0.8795977234840393,0.06481799483299255
45,0.985122799873352,0.8896386027336121,0.05912577360868454,5e-06,0.9803816676139832,0.8758877515792847,0.06712900102138519
46,0.9851301908493042,0.8891035318374634,0.059821005910634995,5e-06,0.9812390804290771,0.8752262592315674,0.06752066314220428
47,0.9853943586349487,0.8901768922805786,0.05898495763540268,5e-06,0.980825662612915,0.8767768144607544,0.06664304435253143
48,0.9851499795913696,0.8904107213020325,0.05856170505285263,5e-06,0.9801775813102722,0.871343195438385,0.07088237255811691
49,0.9853386878967285,0.8902249932289124,0.05899238586425781,5e-06,0.9801858067512512,0.8745342493057251,0.06832557171583176
50,0.9851986169815063,0.8905232548713684,0.05889524146914482,5e-07,0.9815332293510437,0.8749878406524658,0.06907206028699875
51,0.9853736162185669,0.8903995752334595,0.0591740608215332,5e-07,0.9811911582946777,0.874975323677063,0.06767179071903229
52,0.9851983189582825,0.8889323472976685,0.06001701205968857,5e-07,0.9805830717086792,0.8785994648933411,0.06574314087629318
53,0.9851897358894348,0.8882428407669067,0.061043255031108856,5e-07,0.9807815551757812,0.8734152317047119,0.06944609433412552
54,0.985284149646759,0.8905434608459473,0.058521054685115814,5e-07,0.981337308883667,0.8759825229644775,0.06741607934236526
