epoch,accuracy,jaccard_coef,loss,lr,val_accuracy,val_jaccard_coef,val_loss
0,0.9033191800117493,0.5215117335319519,0.47848790884017944,1e-04,0.916897714138031,0.5964066982269287,0.4035930931568146
1,0.9452751278877258,0.6529194712638855,0.34707149863243103,1e-04,0.929663896560669,0.6424559354782104,0.3575441837310791
2,0.9532318115234375,0.6943376064300537,0.3056875765323639,1e-04,0.9514327645301819,0.7130347490310669,0.28696542978286743
3,0.957840621471405,0.723842978477478,0.27614206075668335,1e-04,0.9477986097335815,0.6930962800979614,0.30690354108810425
4,0.960551381111145,0.7333588004112244,0.26666614413261414,1e-04,0.9405571818351746,0.6856753826141357,0.3143250048160553
5,0.9632071852684021,0.7519365549087524,0.24808409810066223,1e-04,0.9603421092033386,0.7530094981193542,0.24699074029922485
6,0.9647185802459717,0.7609332203865051,0.23903198540210724,1e-04,0.9567857384681702,0.7418131232261658,0.2581869065761566
7,0.9660254120826721,0.769013524055481,0.23098236322402954,1e-04,0.9524531364440918,0.7242862582206726,0.275713711977005
8,0.9677268266677856,0.7773540019989014,0.2226414531469345,1e-04,0.9527232050895691,0.7350882887840271,0.2649117410182953
9,0.9675295948982239,0.7778446078300476,0.22217883169651031,1e-04,0.958594560623169,0.7535415291786194,0.246458500623703
10,0.9691393375396729,0.7850589156150818,0.21494877338409424,1e-04,0.9585815668106079,0.7519471049308777,0.2480529546737671
11,0.9698711633682251,0.7913514375686646,0.20866166055202484,1e-04,0.9614133834838867,0.768010675907135,0.2319888323545456
12,0.970066487789154,0.7936387658119202,0.20637032389640808,1e-04,0.9629941582679749,0.773544192314148,0.2264558970928192
13,0.9707703590393066,0.7981032133102417,0.201865553855896,1e-04,0.9617133140563965,0.7686585783958435,0.23134112358093262
14,0.9719278216362,0.8031996488571167,0.19676564633846283,1e-04,0.9668160080909729,0.7928891777992249,0.20711100101470947
15,0.9725857973098755,0.8074561953544617,0.1925220936536789,1e-04,0.9562219977378845,0.7507700324058533,0.24922999739646912
16,0.9728428721427917,0.810195803642273,0.189736008644104,1e-04,0.9631788730621338,0.7813238501548767,0.2186761498451233
17,0.9730007648468018,0.811469554901123,0.1885491907596588,1e-04,0.9651409387588501,0.7862280011177063,0.21377208828926086
18,0.973552405834198,0.8153185248374939,0.18469367921352386,1e-04,0.961391270160675,0.774816632270813,0.2251834124326706
19,0.9739389419555664,0.8175721168518066,0.18243663012981415,1e-04,0.9595060348510742,0.7681649327278137,0.2318350225687027
20,0.9766035079956055,0.8318955898284912,0.168104887008667,1e-05,0.9685183167457581,0.8049502968788147,0.1950499713420868
21,0.9769948124885559,0.8379747867584229,0.1620187759399414,1e-05,0.9699366688728333,0.8126853108406067,0.1873147189617157
22,0.9775354862213135,0.8376051783561707,0.16240158677101135,1e-05,0.9685477018356323,0.8095033764839172,0.19049666821956635
23,0.9777989387512207,0.841726541519165,0.1581113189458847,1e-05,0.9718930721282959,0.8175426125526428,0.1824573129415512
24,0.978081464767456,0.8431011438369751,0.15691910684108734,1e-05,0.9697970151901245,0.8074365258216858,0.1925632506608963
25,0.9780258536338806,0.8428729772567749,0.15713563561439514,1e-05,0.9702836871147156,0.8118686676025391,0.1881314218044281
26,0.9779419898986816,0.8414003849029541,0.15859295427799225,1e-05,0.9690824151039124,0.8091097474098206,0.19089046120643616
27,0.9784977436065674,0.845982015132904,0.15401390194892883,1e-05,0.9698964953422546,0.8132585287094116,0.1867411881685257
28,0.9787066578865051,0.847348153591156,0.15265493094921112,1e-05,0.9713475108146667,0.8192534446716309,0.18074654042720795
29,0.9787953495979309,0.8484048843383789,0.1515718549489975,1e-05,0.9692001938819885,0.812004029750824,0.18799623847007751
30,0.978584349155426,0.8467304706573486,0.15320098400115967,1e-05,0.9718520641326904,0.8234246373176575,0.17657522857189178
31,0.9787538051605225,0.8487185835838318,0.15128251910209656,1e-05,0.9696428775787354,0.8140637874603271,0.18593615293502808
32,0.9787715077400208,0.8472871780395508,0.15271128714084625,1e-05,0.9701228737831116,0.8056855797767639,0.19431447982788086
33,0.9785922169685364,0.8477832674980164,0.15222150087356567,1e-05,0.9727408289909363,0.8275367617607117,0.17246295511722565
34,0.9788971543312073,0.8465911746025085,0.1534128487110138,1e-05,0.9722424149513245,0.8243039846420288,0.17569586634635925
35,0.9788526296615601,0.8482276797294617,0.15178488194942474,1e-05,0.9712256789207458,0.8223291635513306,0.17767098546028137
36,0.9793181419372559,0.8490675091743469,0.15093101561069489,1e-05,0.9715167880058289,0.8197793364524841,0.1802205592393875
37,0.9788647890090942,0.8491083979606628,0.15090370178222656,1e-05,0.9707899689674377,0.8226173520088196,0.17738251388072968
38,0.9790928363800049,0.8485201001167297,0.15148958563804626,1e-05,0.9722120761871338,0.8246721625328064,0.17532773315906525
39,0.9793723821640015,0.851030170917511,0.14897547662258148,1e-06,0.9726570844650269,0.8273892402648926,0.1726108193397522
40,0.9795994162559509,0.8524009585380554,0.14761267602443695,1e-06,0.9713277816772461,0.8226118683815002,0.17738798260688782
41,0.9795598983764648,0.8534234762191772,0.14658746123313904,1e-06,0.9720672369003296,0.822092592716217,0.17790739238262177
42,0.9794236421585083,0.8526280522346497,0.1473691612482071,1e-06,0.9726375341415405,0.826364278793335,0.17363548278808594
43,0.9792719483375549,0.8511967062950134,0.1488109827041626,1e-06,0.9724847674369812,0.8276023268699646,0.17239759862422943
44,0.9796033501625061,0.8507423400878906,0.14922457933425903,1e-07,0.972958505153656,0.8288540840148926,0.17114593088626862
45,0.9793431758880615,0.8525859117507935,0.14742735028266907,1e-07,0.9718167185783386,0.8276627659797668,0.17233754694461823
46,0.9794284701347351,0.852621853351593,0.147372767329216,1e-07,0.9727344512939453,0.8238701820373535,0.17612969875335693
47,0.9796378016471863,0.8522592782974243,0.1477583646774292,1e-07,0.9725697636604309,0.8298191428184509,0.17018139362335205
48,0.9792488813400269,0.8525723814964294,0.14740677177906036,1e-07,0.9719253778457642,0.820777177810669,0.17922276258468628
49,0.9796903133392334,0.853324294090271,0.1466747522354126,1e-07,0.9714120030403137,0.8229872584342957,0.1770126074552536
50,0.979241132736206,0.8521676659584045,0.14782728254795074,1e-07,0.9735778570175171,0.8291926383972168,0.1708071082830429
51,0.9795290231704712,0.8528175354003906,0.1471858024597168,1e-07,0.9732710123062134,0.8293434977531433,0.1706567406654358
52,0.9793806076049805,0.8510789275169373,0.14891698956489563,1e-07,0.9717357754707336,0.8274505734443665,0.17254960536956787
53,0.9795329570770264,0.8520054817199707,0.1480131894350052,1e-08,0.9727128148078918,0.823042631149292,0.1769573986530304
54,0.9795597791671753,0.8541658520698547,0.14582428336143494,1e-08,0.9722214937210083,0.8231952786445618,0.1768047958612442
55,0.9794281721115112,0.8493734002113342,0.15063494443893433,1e-08,0.9716765284538269,0.8200658559799194,0.1799340844154358
56,0.9793986082077026,0.852691650390625,0.14732585847377777,1e-08,0.9730434417724609,0.8289874792098999,0.1710125058889389
57,0.9796530604362488,0.8504703044891357,0.14953286945819855,1e-08,0.9729577898979187,0.825757622718811,0.17424257099628448
