epoch,accuracy,jaccard_coef,loss,lr,val_accuracy,val_jaccard_coef,val_loss
0,0.9113795757293701,0.5875932574272156,0.27830925583839417,1e-04,0.9186510443687439,0.6197876930236816,0.2379010170698166
1,0.9693282842636108,0.7724758982658386,0.1300644427537918,1e-04,0.9520586729049683,0.7278961539268494,0.15872889757156372
2,0.9707775115966797,0.7896630167961121,0.1190020889043808,1e-04,0.9595295190811157,0.7400661706924438,0.15075601637363434
3,0.9725711345672607,0.8053077459335327,0.10948191583156586,1e-04,0.9690633416175842,0.8040476441383362,0.10953544825315475
4,0.9740893840789795,0.8147112727165222,0.10351084172725677,1e-04,0.9655522704124451,0.7876427173614502,0.12040162086486816
5,0.9747344255447388,0.8223109245300293,0.09894721210002899,1e-04,0.9634934663772583,0.7811105251312256,0.12389317154884338
6,0.9756163358688354,0.8273144364356995,0.09549897164106369,1e-04,0.9604694247245789,0.7685709595680237,0.1331205815076828
7,0.9756984114646912,0.8287865519523621,0.09514985978603363,1e-04,0.9643139839172363,0.7795714735984802,0.12483768910169601
8,0.9761435985565186,0.8323529958724976,0.09276227653026581,1e-04,0.9686568975448608,0.8105998635292053,0.10513414442539215
9,0.976783812046051,0.8362562656402588,0.0904311016201973,1e-04,0.9692304134368896,0.8117151260375977,0.10478892177343369
10,0.9765804409980774,0.8357787132263184,0.0909251794219017,1e-04,0.9686431288719177,0.8057097792625427,0.10836870968341827
11,0.976445734500885,0.8351484537124634,0.0912892147898674,1e-04,0.9667739868164062,0.7805113196372986,0.12437822669744492
12,0.9770259857177734,0.8394448161125183,0.08825966715812683,1e-04,0.972470223903656,0.8217211961746216,0.09868966788053513
13,0.978007972240448,0.845454752445221,0.0849161222577095,1e-04,0.9715007543563843,0.8198862671852112,0.0994809940457344
14,0.9774464964866638,0.8409242033958435,0.08765736222267151,1e-04,0.9715721607208252,0.8158457279205322,0.10206888616085052
15,0.9775372743606567,0.8403000831604004,0.0881023034453392,1e-04,0.9712178707122803,0.8096613883972168,0.10599206387996674
16,0.9780171513557434,0.8455884456634521,0.08482856303453445,1e-04,0.9684025049209595,0.8057951927185059,0.10842959582805634
17,0.9781165719032288,0.8451798558235168,0.08515722304582596,1e-04,0.9721040725708008,0.8251631855964661,0.0962071567773819
18,0.978577196598053,0.8475292325019836,0.08379339426755905,1e-04,0.9633052349090576,0.7824878096580505,0.12298601120710373
19,0.9786450862884521,0.8491011261940002,0.0828104317188263,1e-04,0.9686657786369324,0.8066057562828064,0.10865087062120438
20,0.9783586263656616,0.8480474352836609,0.08324667811393738,1e-04,0.9671164751052856,0.7966422438621521,0.11380820721387863
21,0.9782689809799194,0.8473917841911316,0.08389182388782501,1e-04,0.971620500087738,0.8191630244255066,0.09985733777284622
22,0.9792366623878479,0.8517763614654541,0.08118634670972824,1e-04,0.972105085849762,0.8241428136825562,0.09698158502578735
23,0.980369508266449,0.8593884706497192,0.07668513059616089,1e-05,0.9762467741966248,0.8456293940544128,0.08441513776779175
24,0.9805532693862915,0.8618761897087097,0.07515759766101837,1e-05,0.9762355089187622,0.8468102216720581,0.08379040658473969
25,0.9805986881256104,0.8618563413619995,0.07540808618068695,1e-05,0.9765340089797974,0.8494642376899719,0.08212544023990631
26,0.9807367324829102,0.8625885844230652,0.07495568692684174,1e-05,0.9765700101852417,0.8470780849456787,0.0832369327545166
27,0.9806408286094666,0.8639063239097595,0.07424325495958328,1e-05,0.9757713079452515,0.8468847870826721,0.083893321454525
28,0.9810550212860107,0.8654116988182068,0.07342372089624405,1e-05,0.976374089717865,0.8504215478897095,0.08122990280389786
29,0.9812226891517639,0.8652752041816711,0.07343568652868271,1e-05,0.9772267937660217,0.8503025770187378,0.08152462542057037
30,0.9812895655632019,0.8668210506439209,0.07253686338663101,1e-05,0.9764253497123718,0.8512381911277771,0.08089509606361389
31,0.981515109539032,0.8681619763374329,0.07166136801242828,1e-05,0.9781019687652588,0.8536727428436279,0.07934115082025528
32,0.9813337922096252,0.8673320412635803,0.07207632064819336,1e-05,0.9770666360855103,0.850271999835968,0.08141594380140305
33,0.9812818169593811,0.8659303188323975,0.07311656326055527,1e-05,0.9768298864364624,0.8528338074684143,0.07975747436285019
34,0.9817876219749451,0.8705813884735107,0.07009102404117584,1e-05,0.9765470623970032,0.8483729958534241,0.08283327519893646
35,0.9812256693840027,0.8654914498329163,0.07286868989467621,1e-05,0.9770679473876953,0.8539833426475525,0.07919399440288544
36,0.9814441800117493,0.8681389093399048,0.0719996765255928,1e-05,0.9780451655387878,0.8538148999214172,0.07924357801675797
37,0.9815599918365479,0.8685582876205444,0.07130343466997147,1e-05,0.9777672290802002,0.8574351072311401,0.07716993242502213
38,0.9814781546592712,0.8689734935760498,0.07128780335187912,1e-05,0.9772740006446838,0.8527165651321411,0.0798957347869873
39,0.9816106557846069,0.8673356771469116,0.07216120511293411,1e-05,0.9771242141723633,0.853588879108429,0.07945351302623749
40,0.9820160865783691,0.8702977895736694,0.07032273709774017,1e-05,0.9777372479438782,0.8532614707946777,0.07961509376764297
41,0.9817773699760437,0.8701713681221008,0.07050098478794098,1e-05,0.9767685532569885,0.8544366359710693,0.07893206924200058
42,0.9821026921272278,0.8708662986755371,0.06996140629053116,1e-05,0.9779232740402222,0.8542614579200745,0.0791030079126358
43,0.982110857963562,0.8713642954826355,0.06982056051492691,1e-06,0.9776989817619324,0.8571747541427612,0.07721523940563202
44,0.9817442297935486,0.8710922598838806,0.07002687454223633,1e-06,0.9783015251159668,0.8565314412117004,0.07767176628112793
45,0.9821032285690308,0.8707331418991089,0.07013068348169327,1e-06,0.9774524569511414,0.8542246222496033,0.07904432713985443
46,0.9823011755943298,0.8719998598098755,0.06932155787944794,1e-06,0.9776172041893005,0.857627809047699,0.07719072699546814
47,0.9814790487289429,0.8700628876686096,0.07046157121658325,1e-06,0.9771196842193604,0.8515712022781372,0.08074808865785599
