epoch,accuracy,jaccard_coef,loss,lr,val_accuracy,val_jaccard_coef,val_loss
0,0.9393983483314514,0.6418023109436035,0.23169976472854614,1e-04,0.9622098803520203,0.7694188952445984,0.1310073733329773
1,0.9751484394073486,0.8031102418899536,0.11073040962219238,1e-04,0.9728859066963196,0.8201633095741272,0.0994429811835289
2,0.976203441619873,0.8217543363571167,0.0992264375090599,1e-04,0.9748167991638184,0.8365468978881836,0.08952445536851883
3,0.9785192012786865,0.8419167399406433,0.08722062408924103,1e-04,0.9760163426399231,0.8453603386878967,0.08449795842170715
4,0.9796261191368103,0.849999725818634,0.08243412524461746,1e-04,0.9758378267288208,0.8443925380706787,0.08521228283643723
5,0.9796152114868164,0.8534618020057678,0.08035058528184891,1e-04,0.9764878749847412,0.8486174941062927,0.08241850137710571
6,0.980606198310852,0.8595415949821472,0.07639744877815247,1e-04,0.9769322872161865,0.8515222072601318,0.08106386661529541
7,0.9815710186958313,0.8663544654846191,0.07234596461057663,1e-04,0.9758977890014648,0.8457216620445251,0.08481360226869583
8,0.9814104437828064,0.8659034371376038,0.0725238174200058,1e-04,0.9755585789680481,0.8484906554222107,0.08237967640161514
9,0.9818915128707886,0.8702302575111389,0.0699409767985344,1e-04,0.9774832129478455,0.858280599117279,0.07695259898900986
10,0.9822089076042175,0.8712230920791626,0.06934580951929092,1e-04,0.9794599413871765,0.8647457957267761,0.07282141596078873
11,0.9827716946601868,0.8751304745674133,0.06702261418104172,1e-04,0.9797266721725464,0.8649387359619141,0.07275723665952682
12,0.9827581644058228,0.8758878707885742,0.06656751036643982,1e-04,0.9782670140266418,0.8598455786705017,0.07570920139551163
13,0.9835994839668274,0.8809916973114014,0.06362537294626236,1e-04,0.978643000125885,0.863473117351532,0.07375621795654297
14,0.9831632375717163,0.8779727220535278,0.06551634520292282,1e-04,0.9801887273788452,0.8692099452018738,0.07021857053041458
15,0.9830506443977356,0.8765811324119568,0.06630266457796097,1e-04,0.9786921143531799,0.8600779175758362,0.07578366249799728
16,0.9837329983711243,0.8823080062866211,0.06284511089324951,1e-04,0.9802867770195007,0.8718520998954773,0.06876462697982788
17,0.9835096001625061,0.8806939721107483,0.06391458958387375,1e-04,0.9792210459709167,0.8661487698554993,0.0723055899143219
18,0.9839931130409241,0.8832513689994812,0.06239726021885872,1e-04,0.9786323308944702,0.8630799055099487,0.07422524690628052
19,0.9840209484100342,0.8846038579940796,0.06205321475863457,1e-04,0.9799420833587646,0.8719764351844788,0.06867031008005142
20,0.9836969375610352,0.8838395476341248,0.06250328570604324,1e-04,0.9798123240470886,0.8678000569343567,0.07136233896017075
21,0.9839524626731873,0.8840234875679016,0.06198619306087494,1e-04,0.9809398055076599,0.8724440932273865,0.06850556284189224
22,0.9845880270004272,0.8870801329612732,0.06014439836144447,1e-04,0.9797918200492859,0.870072603225708,0.06991975754499435
23,0.9844564199447632,0.8863738179206848,0.06058304011821747,1e-04,0.9803662300109863,0.8702617287635803,0.07029999047517776
24,0.9843129515647888,0.886641800403595,0.0607905238866806,1e-04,0.9793170690536499,0.8663808107376099,0.07235701382160187
25,0.9845525026321411,0.8878068327903748,0.06024809181690216,1e-04,0.9799767136573792,0.8713588118553162,0.06963721662759781
26,0.984698474407196,0.8881902098655701,0.05955395847558975,1e-04,0.9794175624847412,0.8661845922470093,0.0720364898443222
27,0.9849309921264648,0.8907597661018372,0.058176688849925995,1e-05,0.9799951314926147,0.872356653213501,0.06960617005825043
28,0.9854100942611694,0.8934836983680725,0.05664505064487457,1e-05,0.9803539514541626,0.8749614357948303,0.06708873063325882
29,0.9855493903160095,0.8928939700126648,0.05708044022321701,1e-05,0.9811475276947021,0.874965250492096,0.06737707555294037
30,0.9856227040290833,0.8948595523834229,0.055827006697654724,1e-05,0.9800311923027039,0.8741263747215271,0.06809309124946594
31,0.9856534600257874,0.8949947953224182,0.05579738691449165,1e-05,0.9818879961967468,0.8782607913017273,0.06535473465919495
32,0.9855948686599731,0.8946661949157715,0.05588490515947342,1e-05,0.9804928302764893,0.8727054595947266,0.06874487549066544
33,0.9857181310653687,0.8948430418968201,0.05585556477308273,1e-05,0.9808372259140015,0.8777548670768738,0.06565088033676147
34,0.9858260750770569,0.8961849808692932,0.05503755435347557,1e-05,0.9799078702926636,0.8721241354942322,0.069302499294281
35,0.985663890838623,0.894026517868042,0.05592449754476547,1e-05,0.9810807108879089,0.8781957030296326,0.06518885493278503
36,0.9856433868408203,0.8955681324005127,0.055774904787540436,1e-05,0.9813584089279175,0.8758082985877991,0.0674503743648529
37,0.9857763051986694,0.895531177520752,0.05540132150053978,1e-05,0.9805712103843689,0.8760303258895874,0.06705322116613388
38,0.9858741760253906,0.8973074555397034,0.05433586984872818,1e-05,0.9813300967216492,0.8776050806045532,0.0655195415019989
39,0.9857436418533325,0.8950093984603882,0.05582385137677193,1e-05,0.9804076552391052,0.8760926127433777,0.0668768584728241
40,0.9860626459121704,0.8972926139831543,0.05447498336434364,1e-05,0.9820389151573181,0.8793467879295349,0.06450196355581284
41,0.9858816266059875,0.8969078660011292,0.05463474988937378,1e-05,0.9805634021759033,0.8774858713150024,0.06598854064941406
42,0.9859506487846375,0.8965579867362976,0.05479779094457626,1e-05,0.9812420010566711,0.8766380548477173,0.06629572063684464
43,0.9860968589782715,0.8976580500602722,0.05427873879671097,1e-05,0.9811812043190002,0.8784055709838867,0.06533966958522797
44,0.9857644438743591,0.8972423672676086,0.05446919426321983,1e-05,0.9814366698265076,0.878042459487915,0.06538717448711395
45,0.9860360026359558,0.8969190716743469,0.05462479591369629,1e-05,0.980459451675415,0.8728269338607788,0.06889273226261139
46,0.9860674738883972,0.897399365901947,0.05445496737957001,1e-06,0.9804319143295288,0.8763611316680908,0.06702274084091187
47,0.9858383536338806,0.8974338173866272,0.05427728593349457,1e-06,0.980693519115448,0.8739612698554993,0.06796978414058685
48,0.9860807657241821,0.8976448774337769,0.05424897372722626,1e-06,0.9811408519744873,0.8776328563690186,0.06570222973823547
49,0.9857982397079468,0.8956245183944702,0.05545272305607796,1e-06,0.9813593626022339,0.8796379566192627,0.06472819298505783
50,0.9861375093460083,0.8978314399719238,0.0541493184864521,1e-06,0.9809285998344421,0.8745338320732117,0.0677330270409584
