epoch,accuracy,jaccard_coef,loss,lr,val_accuracy,val_jaccard_coef,val_loss
0,0.901025116443634,0.5108116865158081,0.4891878068447113,1e-04,0.883464515209198,0.5224894285202026,0.4775104522705078
1,0.9439890384674072,0.6458264589309692,0.3541562557220459,1e-04,0.9088003039360046,0.5871889591217041,0.41281113028526306
2,0.9516320824623108,0.6861293911933899,0.31389206647872925,1e-04,0.942733645439148,0.6774069666862488,0.3225928843021393
3,0.956484854221344,0.7151544690132141,0.28481078147888184,1e-04,0.9367378950119019,0.6673681735992432,0.332631915807724
4,0.959416925907135,0.7266492247581482,0.2733669877052307,1e-04,0.921921968460083,0.6239121556282043,0.3760875165462494
5,0.9622867107391357,0.7468842267990112,0.253135085105896,1e-04,0.9394803643226624,0.6779188513755798,0.32208120822906494
6,0.9636518955230713,0.7545426487922668,0.24544315040111542,1e-04,0.9429543614387512,0.7008715867996216,0.29912832379341125
7,0.9649962782859802,0.7634626626968384,0.23653843998908997,1e-04,0.9602555632591248,0.7542344331741333,0.24576568603515625
8,0.9666589498519897,0.7711993455886841,0.22881026566028595,1e-04,0.9113395810127258,0.5987114310264587,0.4012884795665741
9,0.9667967557907104,0.7729244828224182,0.2271013855934143,1e-04,0.9547834992408752,0.7397032976150513,0.2602963149547577
10,0.9688660502433777,0.7834289073944092,0.21658076345920563,1e-04,0.9585337042808533,0.7576162219047546,0.24238385260105133
11,0.9686164855957031,0.7832273840904236,0.21677187085151672,1e-04,0.9455026984214783,0.7235764265060425,0.2764236032962799
12,0.9691033363342285,0.7879571318626404,0.2120642215013504,1e-04,0.9639959931373596,0.7756086587905884,0.22439125180244446
13,0.9703482389450073,0.7959704399108887,0.20401547849178314,1e-04,0.9520203471183777,0.7290542125701904,0.27094587683677673
14,0.9711278080940247,0.7978280782699585,0.2021314799785614,1e-04,0.9554712176322937,0.7481958866119385,0.25180408358573914
15,0.9720669984817505,0.8043451905250549,0.19562850892543793,1e-04,0.9541732668876648,0.7461714148521423,0.2538287043571472
16,0.9726299047470093,0.8091638684272766,0.19072531163692474,1e-04,0.9649930000305176,0.7875893712043762,0.21241046488285065
17,0.9727652072906494,0.8103694915771484,0.18964576721191406,1e-04,0.9609848856925964,0.7699803113937378,0.23001952469348907
18,0.9734718203544617,0.8146938681602478,0.1853170394897461,1e-04,0.9657636880874634,0.7885752320289612,0.2114247828722
19,0.9731380343437195,0.8125100135803223,0.18749620020389557,1e-04,0.9586406946182251,0.7697159051895142,0.23028413951396942
20,0.9740540981292725,0.8161572217941284,0.18385539948940277,1e-04,0.9588109254837036,0.7664266228675842,0.23357339203357697
21,0.9740216732025146,0.8188681602478027,0.18112759292125702,1e-04,0.969346284866333,0.8091461658477783,0.1908537745475769
22,0.9745705723762512,0.8188661336898804,0.18113118410110474,1e-04,0.9663892388343811,0.7969764471054077,0.203023761510849
23,0.9747104644775391,0.8224579095840454,0.17736433446407318,1e-04,0.9603513479232788,0.7676857709884644,0.2323141247034073
24,0.9750373959541321,0.8232106566429138,0.17681562900543213,1e-04,0.9655090570449829,0.7852903008460999,0.21470986306667328
25,0.97477787733078,0.8213628530502319,0.1786470115184784,1e-04,0.9682967066764832,0.8020185232162476,0.19798143208026886
26,0.9755287766456604,0.8264750242233276,0.17350706458091736,1e-04,0.9701184034347534,0.8126085996627808,0.1873915046453476
27,0.975825846195221,0.8282766342163086,0.17172549664974213,1e-04,0.9616371989250183,0.7744796276092529,0.22551999986171722
28,0.9768558740615845,0.8355939984321594,0.16440555453300476,1e-04,0.9623509049415588,0.7793952226638794,0.22060492634773254
29,0.9766663908958435,0.8344007134437561,0.1655731350183487,1e-04,0.9712649583816528,0.820562481880188,0.1794375777244568
30,0.9772202372550964,0.8378319144248962,0.1621028184890747,1e-04,0.9608680605888367,0.7785013318061829,0.2214987576007843
31,0.9769226312637329,0.8366205096244812,0.16338081657886505,1e-04,0.9656677842140198,0.7970017194747925,0.2029983252286911
32,0.9772655367851257,0.8370883464813232,0.16291476786136627,1e-04,0.964004397392273,0.7745537757873535,0.2254462093114853
33,0.9768697023391724,0.8370895981788635,0.16292236745357513,1e-04,0.9741166830062866,0.8331771492958069,0.1668228805065155
34,0.977680504322052,0.8390035033226013,0.1609755903482437,1e-04,0.9555482864379883,0.7642530202865601,0.23574723303318024
35,0.9775770306587219,0.8398401737213135,0.16017881035804749,1e-04,0.9704595804214478,0.8179330825805664,0.1820669323205948
36,0.9781665802001953,0.8415787220001221,0.1584266722202301,1e-04,0.9656875729560852,0.7908508777618408,0.20914919674396515
37,0.9776895046234131,0.8423645496368408,0.15765154361724854,1e-04,0.9689545631408691,0.8107406497001648,0.1892596036195755
38,0.977857232093811,0.8410010933876038,0.1590072512626648,1e-04,0.9732425212860107,0.8275755047798157,0.1724245250225067
39,0.9798369407653809,0.8532295823097229,0.14676335453987122,1e-05,0.9741224050521851,0.8349485993385315,0.16505105793476105
40,0.980631411075592,0.8587844371795654,0.14122596383094788,1e-05,0.9721049666404724,0.8266947269439697,0.17330525815486908
41,0.9806068539619446,0.8603472709655762,0.13966168463230133,1e-05,0.9724604487419128,0.8264954686164856,0.1735045164823532
42,0.9807458519935608,0.8612930178642273,0.1387052834033966,1e-05,0.973844051361084,0.8335155248641968,0.16648438572883606
43,0.9806957244873047,0.8608536124229431,0.13914933800697327,1e-05,0.9741021990776062,0.8361783623695374,0.1638217717409134
44,0.9808757901191711,0.8592056035995483,0.14076629281044006,1e-05,0.97467041015625,0.83899986743927,0.16099987924098969
45,0.9808599948883057,0.8627709150314331,0.13723799586296082,1e-05,0.9717625975608826,0.8273114562034607,0.17268849909305573
46,0.9810076355934143,0.8626642823219299,0.13733354210853577,1e-05,0.9746766686439514,0.8337952494621277,0.1662043035030365
47,0.981356143951416,0.8636043071746826,0.1364089548587799,1e-05,0.9746145009994507,0.841492235660553,0.15850763022899628
48,0.9809730648994446,0.8634533882141113,0.13653378188610077,1e-05,0.9742090702056885,0.8327757120132446,0.1672244817018509
49,0.9811750054359436,0.8642030358314514,0.13579240441322327,1e-05,0.9743371605873108,0.8371524810791016,0.16284702718257904
50,0.9808861613273621,0.8631200790405273,0.13688208162784576,1e-05,0.9759915471076965,0.8395047783851624,0.1604955941438675
51,0.9811252951622009,0.8634623885154724,0.1365407109260559,1e-05,0.9762378931045532,0.8455318212509155,0.1544680893421173
52,0.9812530875205994,0.8638579249382019,0.13613788783550262,1e-05,0.9738025069236755,0.8394654393196106,0.16053453087806702
53,0.9811705946922302,0.863055408000946,0.13696111738681793,1e-05,0.975350558757782,0.8372750282287598,0.16272492706775665
54,0.981457531452179,0.8668724894523621,0.13311833143234253,1e-05,0.9746627807617188,0.8369109034538269,0.16308899223804474
55,0.9814271330833435,0.862440288066864,0.13756218552589417,1e-05,0.974889874458313,0.8381290435791016,0.1618708223104477
56,0.9814452528953552,0.8665570020675659,0.13345760107040405,1e-05,0.9753333330154419,0.8411219716072083,0.15887761116027832
57,0.9818024635314941,0.864738941192627,0.13526469469070435,1e-06,0.975123941898346,0.8381234407424927,0.16187669336795807
58,0.9814037680625916,0.8674338459968567,0.13255400955677032,1e-06,0.9747105836868286,0.8335466384887695,0.16645321249961853
59,0.9816364049911499,0.8677836060523987,0.13223768770694733,1e-06,0.9747902750968933,0.8435468077659607,0.15645353496074677
60,0.9812631011009216,0.8635315895080566,0.13648992776870728,1e-06,0.9752885699272156,0.8357851505279541,0.16421504318714142
61,0.9818076491355896,0.8683403730392456,0.13166660070419312,1e-06,0.9748321175575256,0.8424574732780457,0.15754252672195435
