epoch,accuracy,jaccard_coef,loss,lr,val_accuracy,val_jaccard_coef,val_loss
0,0.9064420461654663,0.30341678857803345,0.3324092626571655,1e-04,0.9195300936698914,0.41950464248657227,0.2493540197610855
1,0.9390653967857361,0.4363443851470947,0.19070960581302643,1e-04,0.9357711672782898,0.4622269570827484,0.19724422693252563
2,0.9475586414337158,0.5067294239997864,0.1512717455625534,1e-04,0.9453911185264587,0.5368320345878601,0.14213690161705017
3,0.9528071880340576,0.5547977685928345,0.13185659050941467,1e-04,0.9474166035652161,0.5846140384674072,0.147769495844841
4,0.9566211104393005,0.5753423571586609,0.1217552050948143,1e-04,0.9515159726142883,0.6136399507522583,0.12385308742523193
5,0.9602562785148621,0.6097055077552795,0.11024687439203262,1e-04,0.9502741694450378,0.5917105674743652,0.13059398531913757
6,0.9625988006591797,0.6299988031387329,0.10257183015346527,1e-04,0.9553101658821106,0.632469892501831,0.11226318031549454
7,0.9648335576057434,0.6484546065330505,0.09656282514333725,1e-04,0.95120769739151,0.6420291066169739,0.12149789184331894
8,0.9666869640350342,0.6626611948013306,0.09155324846506119,1e-04,0.9432375431060791,0.6147536039352417,0.1410292088985443
9,0.9677953124046326,0.6741176843643188,0.08899036049842834,1e-04,0.9637807011604309,0.6643510460853577,0.09704536199569702
10,0.9694517254829407,0.6860383749008179,0.08398670703172684,1e-04,0.9610743522644043,0.6232179999351501,0.10213308036327362
11,0.9692331552505493,0.6885752081871033,0.08414819091558456,1e-04,0.9631845951080322,0.702759861946106,0.09534819424152374
12,0.9699426889419556,0.6942152380943298,0.08255161345005035,1e-04,0.9644381403923035,0.6358038783073425,0.09848156571388245
13,0.9714708924293518,0.7086640000343323,0.0782584622502327,1e-04,0.9623239636421204,0.669525682926178,0.0974293127655983
14,0.9727198481559753,0.7176252007484436,0.07476956397294998,1e-04,0.9646676182746887,0.6340330243110657,0.09639588743448257
15,0.9736323952674866,0.7248068451881409,0.07243078202009201,1e-04,0.9660331010818481,0.7109370827674866,0.08794846385717392
16,0.9734902381896973,0.7251805663108826,0.07442168891429901,1e-04,0.9687525033950806,0.7014934420585632,0.08399397134780884
17,0.973953127861023,0.7306612133979797,0.07205794751644135,1e-04,0.9665647745132446,0.715663731098175,0.0910169780254364
18,0.9747908711433411,0.7390689849853516,0.06922934204339981,1e-04,0.9570824503898621,0.6916131973266602,0.10716796666383743
19,0.9750515818595886,0.7408402562141418,0.0688021183013916,1e-04,0.9594405293464661,0.6728804707527161,0.10457020252943039
20,0.975594162940979,0.742574155330658,0.0670219138264656,1e-04,0.9715216755867004,0.7346304059028625,0.07813557982444763
21,0.975711464881897,0.7477486729621887,0.06777208298444748,1e-04,0.968399167060852,0.7363342642784119,0.0851549506187439
22,0.976146399974823,0.7475975751876831,0.06627441942691803,1e-04,0.9652445316314697,0.7289560437202454,0.09382487833499908
23,0.9760823249816895,0.7512814402580261,0.06542298942804337,1e-04,0.9713515043258667,0.7459858655929565,0.07639030367136002
24,0.9775219559669495,0.7617643475532532,0.06195609271526337,1e-04,0.9711650609970093,0.7438667416572571,0.07582289725542068
25,0.9772894978523254,0.7599156498908997,0.06260170787572861,1e-04,0.9595953226089478,0.687256932258606,0.100481316447258
26,0.977049708366394,0.7573657035827637,0.06335226446390152,1e-04,0.9701531529426575,0.7427340745925903,0.08031953871250153
27,0.97779780626297,0.7654731273651123,0.06082240492105484,1e-04,0.9675388336181641,0.7194857597351074,0.08413084596395493
28,0.9786078333854675,0.7731284499168396,0.05869699642062187,1e-04,0.9644071459770203,0.7304383516311646,0.09134582430124283
29,0.9779230356216431,0.7678240537643433,0.061804745346307755,1e-04,0.9705765843391418,0.7500949501991272,0.07883249223232269
30,0.9800583720207214,0.7846373915672302,0.055345840752124786,1e-05,0.9753535389900208,0.7729200720787048,0.06510747224092484
31,0.9804803133010864,0.7908284664154053,0.05409359559416771,1e-05,0.9753218293190002,0.7777761816978455,0.0655924454331398
32,0.9808298945426941,0.793684184551239,0.05275798588991165,1e-05,0.9754514098167419,0.7730594873428345,0.06568044424057007
33,0.9808658361434937,0.7948058247566223,0.05316133797168732,1e-05,0.9760527610778809,0.7798160314559937,0.06409578770399094
34,0.9811530113220215,0.79392009973526,0.05225610360503197,1e-05,0.9758002758026123,0.7737957239151001,0.0650041326880455
35,0.9813507199287415,0.7971845865249634,0.05121970549225807,1e-05,0.9762003421783447,0.7849193215370178,0.06478957086801529
36,0.9814905524253845,0.7957638502120972,0.05139167234301567,1e-05,0.9758788347244263,0.7821792364120483,0.06455383449792862
37,0.9812249541282654,0.7985585927963257,0.052478380501270294,1e-05,0.9763132333755493,0.7861265540122986,0.06344856321811676
38,0.981338381767273,0.7966155409812927,0.05209731683135033,1e-05,0.9764268398284912,0.786788821220398,0.06342945247888565
39,0.981789767742157,0.8005005717277527,0.04950030893087387,1e-05,0.9762017130851746,0.7898029088973999,0.06357307732105255
40,0.9818937182426453,0.8024398684501648,0.04980982467532158,1e-05,0.9748772978782654,0.780681312084198,0.06770925223827362
41,0.9818931818008423,0.8045306205749512,0.049663860350847244,1e-05,0.9751573801040649,0.7817350625991821,0.06613913178443909
42,0.9818888306617737,0.8033849000930786,0.050307560712099075,1e-05,0.975785493850708,0.7864338755607605,0.06590548902750015
43,0.9820154905319214,0.8052211403846741,0.04897446557879448,1e-06,0.9761205315589905,0.7883183360099792,0.06426570564508438
44,0.9821397066116333,0.8030762672424316,0.04943909868597984,1e-06,0.9770219922065735,0.7898388504981995,0.06073885038495064
45,0.982160210609436,0.8070818185806274,0.04844990745186806,1e-06,0.9754762649536133,0.7875872850418091,0.06572660058736801
46,0.9821416139602661,0.805679202079773,0.048943907022476196,1e-06,0.9763522148132324,0.7839415669441223,0.06383508443832397
47,0.9821781516075134,0.8047322630882263,0.04934312030673027,1e-06,0.9763960242271423,0.7901683449745178,0.06346192210912704
48,0.9819111227989197,0.8059495687484741,0.04994063079357147,1e-06,0.9759049415588379,0.780834436416626,0.06531763821840286
49,0.9821658730506897,0.805524468421936,0.04946494847536087,1e-06,0.9751285910606384,0.783693253993988,0.06589305400848389
50,0.9821564555168152,0.8069973587989807,0.04882510378956795,1e-07,0.977307915687561,0.7858479022979736,0.06229882314801216
51,0.982194721698761,0.8058300018310547,0.04918905720114708,1e-07,0.9767406582832336,0.7875180840492249,0.061090584844350815
52,0.9820680022239685,0.804427981376648,0.049240145832300186,1e-07,0.9754807353019714,0.7879111766815186,0.06600312143564224
53,0.9822275042533875,0.8048242330551147,0.04906678572297096,1e-07,0.9764471054077148,0.7830933928489685,0.06290892511606216
54,0.982246994972229,0.8074346780776978,0.04877612739801407,1e-07,0.9761214256286621,0.7851499915122986,0.06406289339065552
