epoch,accuracy,jaccard_coef,loss,lr,val_accuracy,val_jaccard_coef,val_loss
0,0.9423770904541016,0.6696556210517883,0.21002055704593658,1e-04,0.9649615287780762,0.7835994958877563,0.12224919348955154
1,0.9751760959625244,0.8109006881713867,0.10567797720432281,1e-04,0.9728108048439026,0.8208499550819397,0.09941267967224121
2,0.9770539402961731,0.8297981023788452,0.09421989321708679,1e-04,0.9731292128562927,0.830062210559845,0.09356889128684998
3,0.9785174131393433,0.8434895277023315,0.08622344583272934,1e-04,0.9750670790672302,0.8414661884307861,0.0869997888803482
4,0.9796479940414429,0.8508474826812744,0.0817779004573822,1e-04,0.9729607701301575,0.8318455815315247,0.09304453432559967
5,0.9800353646278381,0.85645991563797,0.07830794900655746,1e-04,0.9749498963356018,0.8410966396331787,0.08701222389936447
6,0.9809111952781677,0.8624411225318909,0.07462259382009506,1e-04,0.9767857193946838,0.8523087501525879,0.08055905252695084
7,0.9815353155136108,0.8667321801185608,0.07253647595643997,1e-04,0.9757565855979919,0.8463178873062134,0.08440518379211426
8,0.9816414713859558,0.8678896427154541,0.07161597907543182,1e-04,0.9766154885292053,0.8538642525672913,0.07921211421489716
9,0.9819377064704895,0.8702875971794128,0.07006052136421204,1e-04,0.9768984913825989,0.8556497693061829,0.07845210283994675
10,0.9822622537612915,0.8726121187210083,0.06902244687080383,1e-04,0.9778562784194946,0.8581649661064148,0.07707236707210541
11,0.9817641973495483,0.8700428605079651,0.07052382081747055,1e-04,0.9768322706222534,0.8519266843795776,0.08042887598276138
12,0.9827732443809509,0.8762665390968323,0.06648055464029312,1e-04,0.9782506227493286,0.8613375425338745,0.07530272006988525
13,0.983485221862793,0.8801149129867554,0.06422356516122818,1e-04,0.9772437214851379,0.8570427894592285,0.07764801383018494
14,0.9829930067062378,0.8771170973777771,0.06632088869810104,1e-04,0.9796357154846191,0.8659265637397766,0.07287837564945221
15,0.9824968576431274,0.8731929063796997,0.06820941716432571,1e-04,0.9778053164482117,0.8581724166870117,0.07712215930223465
16,0.9831778407096863,0.8795030117034912,0.06493181735277176,1e-04,0.9795516133308411,0.8690696358680725,0.07065797597169876
17,0.983582615852356,0.881010115146637,0.06374251842498779,1e-04,0.9791658520698547,0.8656581044197083,0.07280390709638596
18,0.9837353229522705,0.8814149498939514,0.06402570754289627,1e-04,0.9778642654418945,0.8602174520492554,0.07594066858291626
19,0.9838440418243408,0.8832417130470276,0.06269902735948563,1e-04,0.9796280860900879,0.8701245784759521,0.07011191546916962
20,0.9839909672737122,0.8848119974136353,0.061669956892728806,1e-04,0.9797828793525696,0.8692280650138855,0.07055671513080597
21,0.9840205311775208,0.884576678276062,0.06183547154068947,1e-04,0.9794403314590454,0.866314709186554,0.07216284424066544
22,0.9845799207687378,0.8869720101356506,0.06058642268180847,1e-04,0.9796175360679626,0.8703323602676392,0.06976766139268875
23,0.9843080639839172,0.885574996471405,0.06128780543804169,1e-04,0.9784559607505798,0.8616114854812622,0.07523302733898163
24,0.9838363528251648,0.883711040019989,0.06218820810317993,1e-04,0.9791770577430725,0.8659681081771851,0.07260140031576157
25,0.9842193722724915,0.8851944208145142,0.06156593933701515,1e-04,0.9794467687606812,0.8691936135292053,0.07095406949520111
26,0.9840785264968872,0.8843201398849487,0.06226533651351929,1e-04,0.9765363931655884,0.8509221076965332,0.08088842034339905
27,0.9843732714653015,0.8871781229972839,0.060268472880125046,1e-04,0.9799325466156006,0.8722584247589111,0.06958821415901184
28,0.9846550822257996,0.8890908360481262,0.059470683336257935,1e-04,0.9798988699913025,0.8737208247184753,0.06780769675970078
29,0.9847366213798523,0.8876630663871765,0.0601663663983345,1e-04,0.9807832837104797,0.873488187789917,0.06818494945764542
30,0.9849570393562317,0.8906514644622803,0.05850017070770264,1e-04,0.9788896441459656,0.868992805480957,0.07097229361534119
31,0.9850485324859619,0.8914912939071655,0.05797366425395012,1e-04,0.9814751744270325,0.8763743042945862,0.06638885289430618
32,0.9850445985794067,0.8912884593009949,0.05788781866431236,1e-04,0.980141818523407,0.8701493740081787,0.07024967670440674
33,0.9850360751152039,0.8906185030937195,0.05843591317534447,1e-04,0.9805079698562622,0.8757289052009583,0.06682582199573517
34,0.9849808216094971,0.891120195388794,0.05805673077702522,1e-04,0.9798480868339539,0.8709387183189392,0.07006694376468658
35,0.9849005341529846,0.8892848491668701,0.05870077386498451,1e-04,0.9802401661872864,0.8733901977539062,0.06797029823064804
36,0.9846028089523315,0.8884821534156799,0.05982266739010811,1e-04,0.9810518622398376,0.8748722672462463,0.06784644722938538
37,0.9854322075843811,0.8939736485481262,0.05632994323968887,1e-05,0.9807706475257874,0.8773204684257507,0.06630746275186539
38,0.9855760931968689,0.8957003355026245,0.05545741319656372,1e-05,0.9816582798957825,0.8799123764038086,0.06424059718847275
39,0.9856485724449158,0.8945889472961426,0.056135937571525574,1e-05,0.980428159236908,0.8763568997383118,0.0668017640709877
40,0.9860161542892456,0.8969823122024536,0.05481019988656044,1e-05,0.9822530150413513,0.8812240958213806,0.06336469203233719
41,0.9859265089035034,0.8975692987442017,0.054377052932977676,1e-05,0.9803306460380554,0.8766798377037048,0.06645556539297104
42,0.986028254032135,0.8967980146408081,0.054716695100069046,1e-05,0.9814051389694214,0.878150999546051,0.06538566946983337
43,0.9861829280853271,0.8983208537101746,0.053984589874744415,1e-05,0.981149435043335,0.8793277740478516,0.06475231796503067
44,0.9859299063682556,0.898537814617157,0.053848620504140854,1e-05,0.981788158416748,0.8810573220252991,0.06362512707710266
45,0.986223578453064,0.8984524607658386,0.053830116987228394,1e-05,0.9809255599975586,0.8763560056686401,0.06687245517969131
46,0.9863256216049194,0.8992933630943298,0.053404923528432846,1e-06,0.9805480241775513,0.8774441480636597,0.06637654453516006
47,0.9858657121658325,0.8982603549957275,0.05394948273897171,1e-06,0.9809908270835876,0.8760277032852173,0.06677772104740143
48,0.9862207770347595,0.8986596465110779,0.05372185632586479,1e-06,0.9812844395637512,0.8791165947914124,0.06486977636814117
49,0.9861221313476562,0.897840142250061,0.05420946329832077,1e-06,0.9820083975791931,0.883808970451355,0.06231724098324776
50,0.9863484501838684,0.8994017839431763,0.05328696221113205,1e-06,0.980927586555481,0.8752409219741821,0.06730775535106659
51,0.9861245155334473,0.8984676599502563,0.053889550268650055,1e-06,0.980843186378479,0.8813501596450806,0.06374409049749374
52,0.9865130186080933,0.9007217884063721,0.05244793742895126,1e-06,0.9829017519950867,0.8841489553451538,0.0616881400346756
53,0.9862536191940308,0.8989344835281372,0.05348339304327965,1e-06,0.9811643958091736,0.8773686289787292,0.06594783067703247
54,0.9863995909690857,0.8993678689002991,0.05333986133337021,1e-06,0.9822234511375427,0.8829210996627808,0.06256240606307983
55,0.9862619638442993,0.8994243144989014,0.053249552845954895,1e-06,0.981283962726593,0.8807970285415649,0.06374330073595047
56,0.9863272309303284,0.9003468751907349,0.05272961035370827,1e-06,0.9805676937103271,0.8777146339416504,0.0660741850733757
57,0.986457109451294,0.8998262286186218,0.053056783974170685,1e-06,0.9815756678581238,0.8826376795768738,0.06274799257516861
58,0.9857891201972961,0.8973495364189148,0.05485732853412628,1e-07,0.9813836216926575,0.8791883587837219,0.06478534638881683
59,0.9865463972091675,0.9004695415496826,0.0526738204061985,1e-07,0.9811327457427979,0.880771279335022,0.0638129785656929
60,0.9864953756332397,0.900590181350708,0.0525735467672348,1e-07,0.9821122288703918,0.8834096789360046,0.0625956654548645
61,0.985962450504303,0.8985463976860046,0.05384839326143265,1e-07,0.980695903301239,0.876686692237854,0.06645187735557556
62,0.9864253401756287,0.9009652733802795,0.052360113710165024,1e-07,0.9817222356796265,0.8822095990180969,0.06316325068473816
