epoch,accuracy,jaccard_coef,loss,lr,val_accuracy,val_jaccard_coef,val_loss
0,0.916896402835846,0.5171030163764954,0.3295847475528717,1e-04,0.9254531860351562,0.5905860066413879,0.2606640160083771
1,0.9432763457298279,0.6373814344406128,0.22741974890232086,1e-04,0.9087045192718506,0.5787248611450195,0.27220311760902405
2,0.9493906497955322,0.6713245511054993,0.20238935947418213,1e-04,0.9466691017150879,0.6853590607643127,0.18939079344272614
3,0.9542466402053833,0.7016367316246033,0.17957593500614166,1e-04,0.9536025524139404,0.716385006904602,0.1673213392496109
4,0.9568801522254944,0.7114502191543579,0.1736307591199875,1e-04,0.9439724087715149,0.6836429834365845,0.19208058714866638
5,0.9594810605049133,0.7293187975883484,0.16103366017341614,1e-04,0.9508507251739502,0.717166006565094,0.16732116043567657
6,0.9617989659309387,0.7437629699707031,0.15012311935424805,1e-04,0.9565616846084595,0.7400909066200256,0.15325047075748444
7,0.96273273229599,0.7494491934776306,0.14644920825958252,1e-04,0.9589763283729553,0.7469180822372437,0.14872552454471588
8,0.9643557071685791,0.7569921612739563,0.1415691077709198,1e-04,0.9562237858772278,0.7386448383331299,0.15319916605949402
9,0.9648727774620056,0.760741114616394,0.1396091729402542,1e-04,0.9587815999984741,0.7506885528564453,0.1450282335281372
10,0.9660705924034119,0.7664729952812195,0.13564220070838928,1e-04,0.9612181186676025,0.7541753649711609,0.14217373728752136
11,0.9664602279663086,0.7698892951011658,0.13386695086956024,1e-04,0.9602014422416687,0.7623209357261658,0.1369291990995407
12,0.9676902890205383,0.7784135341644287,0.12794187664985657,1e-04,0.9647820591926575,0.7720839977264404,0.1307334154844284
13,0.9679522514343262,0.7811809778213501,0.1256054788827896,1e-04,0.9356526136398315,0.6781303882598877,0.201201930642128
14,0.9697282314300537,0.7891538143157959,0.12170574814081192,1e-04,0.9602887630462646,0.7578674554824829,0.14138683676719666
15,0.9697146415710449,0.788726270198822,0.12064485996961594,1e-04,0.9531922936439514,0.742877185344696,0.15455569326877594
16,0.9697626829147339,0.7919421195983887,0.11875458806753159,1e-04,0.9517529010772705,0.7320878505706787,0.15914702415466309
17,0.9704112410545349,0.796664297580719,0.11593957245349884,1e-04,0.9640474319458008,0.7816623449325562,0.12552492320537567
18,0.9716952443122864,0.8032377362251282,0.11124569177627563,1e-04,0.9638075232505798,0.7773216366767883,0.1277991384267807
