epoch,accuracy,jaccard_coef,loss,lr,val_accuracy,val_jaccard_coef,val_loss
0,0.9011701345443726,0.5076247453689575,0.3363003134727478,1e-04,0.8826391696929932,0.516232967376709,0.32589560747146606
1,0.942462146282196,0.6368489265441895,0.22547335922718048,1e-04,0.9257442355155945,0.6181221008300781,0.23810315132141113
2,0.9510644674301147,0.6850541234016418,0.18963631987571716,1e-04,0.9197580814361572,0.6152483224868774,0.2420758455991745
3,0.9565668702125549,0.7134323120117188,0.16961653530597687,1e-04,0.9052170515060425,0.5886807441711426,0.26584699749946594
4,0.9576560854911804,0.7214590311050415,0.16402843594551086,1e-04,0.9396745562553406,0.6573672294616699,0.20904263854026794
5,0.9614257216453552,0.7426358461380005,0.14979664981365204,1e-04,0.9465557336807251,0.6911076307296753,0.18625430762767792
6,0.9617567658424377,0.7435186505317688,0.14953204989433289,1e-04,0.9321647882461548,0.6561908721923828,0.211940199136734
7,0.9649702310562134,0.7652668356895447,0.13466876745224,1e-04,0.950818657875061,0.7125367522239685,0.1710868775844574
8,0.965785026550293,0.7669772505760193,0.13371670246124268,1e-04,0.9559370279312134,0.7453281283378601,0.1477937251329422
9,0.9661651253700256,0.7709039449691772,0.1312672197818756,1e-04,0.9598084092140198,0.7573466897010803,0.14103394746780396
10,0.9677755832672119,0.7797595262527466,0.12524227797985077,1e-04,0.9583722352981567,0.7495617270469666,0.14541685581207275
11,0.9674738645553589,0.7780413627624512,0.12669983506202698,1e-04,0.9586101174354553,0.7549339532852173,0.14194351434707642
12,0.9696329236030579,0.7912968397140503,0.11823329329490662,1e-04,0.947627604007721,0.7149021625518799,0.17066602408885956
13,0.9695417284965515,0.790553092956543,0.11892056465148926,1e-04,0.9616909027099609,0.7690238952636719,0.13350078463554382
14,0.9704200029373169,0.795008659362793,0.11582598090171814,1e-04,0.9583566188812256,0.7517094016075134,0.14375275373458862
15,0.971498966217041,0.8042723536491394,0.10991667211055756,1e-04,0.9577995538711548,0.7529335618019104,0.14219622313976288
16,0.9718396067619324,0.8046320676803589,0.109671950340271,1e-04,0.9575647711753845,0.7603886127471924,0.1402023881673813
17,0.9723594188690186,0.8086028099060059,0.10698757320642471,1e-04,0.9562012553215027,0.7580047845840454,0.14099377393722534
18,0.9723470211029053,0.8068097829818726,0.10830293595790863,1e-04,0.9446770548820496,0.7091794610023499,0.17402148246765137
19,0.9753924608230591,0.825982928276062,0.09639500081539154,1e-05,0.9630924463272095,0.7799769043922424,0.12704585492610931
20,0.9762322902679443,0.832196056842804,0.09281787276268005,1e-05,0.963586688041687,0.791599452495575,0.1192004382610321
21,0.9761351943016052,0.831695556640625,0.09313959628343582,1e-05,0.961050271987915,0.7772796154022217,0.1298350989818573
22,0.9766337275505066,0.8370543718338013,0.08971212059259415,1e-05,0.9617225527763367,0.7772478461265564,0.12992534041404724
23,0.9768180847167969,0.8358603119850159,0.09055343270301819,1e-05,0.9656975865364075,0.7952757477760315,0.11626508831977844
24,0.9767130017280579,0.8362987637519836,0.0901954248547554,1e-05,0.9656270146369934,0.793032705783844,0.1188897117972374
25,0.9773063063621521,0.8393816351890564,0.08841398358345032,1e-05,0.9635740518569946,0.7841652035713196,0.12404817342758179
26,0.9774855375289917,0.8409246802330017,0.08753031492233276,1e-05,0.9647314548492432,0.7945873737335205,0.11793748289346695
27,0.9772214293479919,0.8392463326454163,0.08874429762363434,1e-05,0.9649428725242615,0.7924315333366394,0.11956985294818878
28,0.9777207970619202,0.8420166969299316,0.08668752014636993,1e-05,0.9638932943344116,0.7893885374069214,0.12076181173324585
29,0.9776113033294678,0.8412240147590637,0.08743414282798767,1e-06,0.9651703238487244,0.7955474853515625,0.11694251745939255
30,0.9776398539543152,0.8432078957557678,0.08631067723035812,1e-06,0.9669005274772644,0.7967374920845032,0.11575592309236526
31,0.9780058860778809,0.8436862826347351,0.08573929220438004,1e-06,0.9673252701759338,0.8028678894042969,0.11163212358951569
32,0.9779961705207825,0.8436426520347595,0.0859459787607193,1e-06,0.9643257856369019,0.7967544198036194,0.11564110964536667
33,0.9779571890830994,0.8446135520935059,0.08523521572351456,1e-06,0.9651429057121277,0.7939512729644775,0.11857735365629196
34,0.9776955842971802,0.841374933719635,0.08732618391513824,1e-06,0.967777669429779,0.8051367402076721,0.10955461859703064
35,0.9781568050384521,0.8446529507637024,0.0851890966296196,1e-06,0.9666102528572083,0.7993566393852234,0.11390721797943115
36,0.9783127307891846,0.8457891941070557,0.08447445929050446,1e-06,0.966081976890564,0.7992759346961975,0.11374162137508392
37,0.9781440496444702,0.8435548543930054,0.08591298013925552,1e-06,0.9679009318351746,0.8045697212219238,0.11074980348348618
38,0.9780557155609131,0.8450455069541931,0.08490593731403351,1e-06,0.9649370908737183,0.7892163395881653,0.12138567864894867
39,0.9782119393348694,0.8458225727081299,0.08439825475215912,1e-06,0.9669181108474731,0.8011046051979065,0.11328796297311783
40,0.9784324169158936,0.8462179899215698,0.08415487408638,1e-07,0.9673382043838501,0.7979874014854431,0.11524807661771774
41,0.9780946969985962,0.8444873690605164,0.08517314493656158,1e-07,0.9663423895835876,0.8013578057289124,0.11204224824905396
42,0.9780306220054626,0.8437773585319519,0.08569427579641342,1e-07,0.9678692817687988,0.7979930639266968,0.11580182611942291
43,0.9779733419418335,0.8444662690162659,0.08528238534927368,1e-07,0.9655875563621521,0.7981473803520203,0.11485213041305542
44,0.9780972599983215,0.8442774415016174,0.08540139347314835,1e-07,0.9659050107002258,0.7956461310386658,0.11657609790563583
