epoch,accuracy,jaccard_coef,loss,lr,val_accuracy,val_jaccard_coef,val_loss
0,0.934150218963623,0.6472333073616028,0.22895468771457672,1e-04,0.9502850770950317,0.7265859842300415,0.15933869779109955
1,0.972603976726532,0.7942766547203064,0.11620427668094635,1e-04,0.9667600989341736,0.7929418683052063,0.11697433143854141
2,0.9735837578773499,0.8082879781723022,0.1074415072798729,1e-04,0.9708325862884521,0.8150152564048767,0.10250022262334824
3,0.9757511615753174,0.825508713722229,0.09702704101800919,1e-04,0.9724360108375549,0.8256269097328186,0.0961572676897049
4,0.9757323861122131,0.8259135484695435,0.09672470390796661,1e-04,0.9713431000709534,0.8203986287117004,0.0997648611664772
5,0.9760167598724365,0.831040620803833,0.09358830749988556,1e-04,0.9748526215553284,0.8362895250320435,0.0896725058555603
6,0.9766021966934204,0.8342824578285217,0.09144668281078339,1e-04,0.9730590581893921,0.8307155966758728,0.09334585815668106
7,0.9779370427131653,0.8435004949569702,0.08629903197288513,1e-04,0.9726504683494568,0.8248023390769958,0.09664025902748108
8,0.9780845046043396,0.8448609113693237,0.0850626602768898,1e-04,0.9690202474594116,0.8165377378463745,0.10154975205659866
9,0.9800497889518738,0.8575619459152222,0.07797947525978088,1e-04,0.9740241169929504,0.8386117815971375,0.0885143056511879
10,0.9798558950424194,0.8570002913475037,0.07829663157463074,1e-04,0.9769500494003296,0.849271833896637,0.0820237547159195
11,0.9792101979255676,0.8536128997802734,0.0800689086318016,1e-04,0.9766689538955688,0.8483508825302124,0.08258772641420364
12,0.9804258942604065,0.8616602420806885,0.07517462223768234,1e-04,0.9761708974838257,0.8483731746673584,0.08284950256347656
13,0.9804011583328247,0.8606851696968079,0.0758405402302742,1e-04,0.9743882417678833,0.8406113386154175,0.08723363280296326
14,0.9801028370857239,0.8588330149650574,0.07709329575300217,1e-04,0.9769725203514099,0.8503587245941162,0.08120707422494888
15,0.980006992816925,0.8568851947784424,0.0783061608672142,1e-04,0.9740333557128906,0.8261346817016602,0.09570473432540894
16,0.9809361100196838,0.864495038986206,0.07370392233133316,1e-04,0.9759210348129272,0.8480972051620483,0.08292904496192932
17,0.9810552000999451,0.8644487857818604,0.07372980564832687,1e-04,0.9734098315238953,0.8316608667373657,0.09251417964696884
18,0.9815725088119507,0.8675361275672913,0.07153268158435822,1e-04,0.9773468971252441,0.8550987839698792,0.07884184271097183
19,0.9817536473274231,0.8691852688789368,0.07069030404090881,1e-04,0.9688027501106262,0.8139148950576782,0.10557477921247482
20,0.9814106822013855,0.8678988814353943,0.07166439294815063,1e-04,0.9769115447998047,0.8511345982551575,0.0810992494225502
21,0.9807892441749573,0.8640241026878357,0.07407570630311966,1e-04,0.9771152138710022,0.8505451679229736,0.08116458356380463
22,0.9819685816764832,0.8694159388542175,0.07082624733448029,1e-04,0.9775278568267822,0.8571035861968994,0.07727609574794769
23,0.9818257093429565,0.8685021996498108,0.07129276543855667,1e-04,0.9766750335693359,0.8467170596122742,0.0840853899717331
24,0.9819260239601135,0.8703632354736328,0.06971559673547745,1e-04,0.977242648601532,0.8544653058052063,0.07934869080781937
25,0.9820324182510376,0.8706520795822144,0.06984610110521317,1e-04,0.950498104095459,0.7326405644416809,0.15756167471408844
26,0.9817345142364502,0.8686864972114563,0.07142804563045502,1e-04,0.9744951128959656,0.8387181758880615,0.08815548568964005
27,0.9819493293762207,0.8713749051094055,0.06944534927606583,1e-04,0.9762800335884094,0.851291835308075,0.08153999596834183
28,0.9832590818405151,0.8793207406997681,0.06498415023088455,1e-05,0.9782204031944275,0.8632662892341614,0.07379922270774841
29,0.9836834073066711,0.8808591365814209,0.06406091898679733,1e-05,0.9797242879867554,0.8667171597480774,0.07199008017778397
30,0.9839487075805664,0.8837403655052185,0.062338922172784805,1e-05,0.9788357019424438,0.8673074245452881,0.07176727056503296
31,0.9841106534004211,0.885297954082489,0.061703942716121674,1e-05,0.9805391430854797,0.8696681261062622,0.07019760459661484
32,0.9841529130935669,0.8853253126144409,0.06140265613794327,1e-05,0.9794939160346985,0.8665417432785034,0.0721142590045929
33,0.9841024279594421,0.8847771286964417,0.06209104508161545,1e-05,0.9796336889266968,0.8702165484428406,0.06988874822854996
34,0.9844274520874023,0.8878974914550781,0.060134243220090866,1e-05,0.9787780046463013,0.8648988008499146,0.07341670989990234
35,0.9841594099998474,0.8849603533744812,0.06149277091026306,1e-05,0.9796520471572876,0.8693414330482483,0.07028420269489288
36,0.9845139980316162,0.8879417777061462,0.06012658402323723,1e-05,0.9803052544593811,0.868949830532074,0.07123784720897675
37,0.9847947359085083,0.8888083100318909,0.059213604778051376,1e-05,0.9793591499328613,0.8686730265617371,0.0711340457201004
38,0.984563946723938,0.8889560103416443,0.05937032774090767,1e-05,0.9799501895904541,0.8695777654647827,0.07015156745910645
39,0.9845005869865417,0.8869538903236389,0.0606977604329586,1e-06,0.9790505170822144,0.8676362037658691,0.07163546979427338
40,0.9848701357841492,0.8889698386192322,0.05932638421654701,1e-06,0.9805808663368225,0.8703944683074951,0.06960660964250565
41,0.9847702980041504,0.8896705508232117,0.05888993665575981,1e-06,0.9791606664657593,0.869593620300293,0.07037542760372162
42,0.9850143790245056,0.8899157047271729,0.05855659022927284,1e-06,0.9796430468559265,0.8674856424331665,0.0715155154466629
43,0.984869122505188,0.8898114562034607,0.05907011032104492,1e-06,0.9799341559410095,0.8718410730361938,0.0689655989408493
44,0.984625518321991,0.8899919390678406,0.05880754068493843,1e-06,0.9801874160766602,0.870313286781311,0.06977570801973343
45,0.9848793745040894,0.8894999623298645,0.05901440978050232,1e-06,0.9795374870300293,0.8677181601524353,0.07168546319007874
46,0.9849718809127808,0.8897926807403564,0.05883863568305969,1e-06,0.9790960550308228,0.8684494495391846,0.07145878672599792
47,0.984568178653717,0.8891723155975342,0.059049468487501144,1e-06,0.9793792366981506,0.8663779497146606,0.07226307690143585
48,0.984915554523468,0.8896327614784241,0.058805517852306366,1e-06,0.9796718955039978,0.8689262866973877,0.07067914307117462
49,0.9847109317779541,0.8881062269210815,0.059836022555828094,1e-07,0.9802037477493286,0.8727666735649109,0.06860002130270004
50,0.984919548034668,0.8895372748374939,0.05894149839878082,1e-07,0.9794384837150574,0.8651506900787354,0.07298322767019272
51,0.9845449924468994,0.8879112005233765,0.06006152927875519,1e-07,0.9793222546577454,0.8723660111427307,0.0688711479306221
52,0.9851813912391663,0.8914222121238708,0.05781279876828194,1e-07,0.9813246130943298,0.8740673065185547,0.06749313324689865
53,0.9848596453666687,0.8897000551223755,0.05870148167014122,1e-07,0.9794303178787231,0.8664875626564026,0.07207558304071426
54,0.984728991985321,0.8890443444252014,0.05963154509663582,1e-07,0.9807239770889282,0.8737993240356445,0.06772444397211075
55,0.9848875999450684,0.8902190327644348,0.05861782282590866,1e-07,0.9798055291175842,0.8715128302574158,0.0690084919333458
56,0.984820544719696,0.8904854655265808,0.058609213680028915,1e-07,0.9792333841323853,0.868825376033783,0.07098139077425003
57,0.9849406480789185,0.8896689414978027,0.05924990028142929,1e-07,0.9798282980918884,0.871819257736206,0.0689864233136177
58,0.9845687747001648,0.8886338472366333,0.05973000451922417,1e-08,0.9797155857086182,0.8688968420028687,0.07064121961593628
59,0.9851319193840027,0.8912525177001953,0.05802179127931595,1e-08,0.9794570207595825,0.8701284527778625,0.06989892572164536
60,0.9850271344184875,0.8903758525848389,0.058487504720687866,1e-08,0.9806159138679504,0.8736898303031921,0.06803154200315475
61,0.9845951199531555,0.8893415927886963,0.059193070977926254,1e-08,0.9792084097862244,0.8673194646835327,0.07170537114143372
62,0.9848347902297974,0.8911347389221191,0.05828123167157173,1e-08,0.9800868034362793,0.8723973631858826,0.0686861202120781
