epoch,accuracy,jaccard_coef,loss,lr,val_accuracy,val_jaccard_coef,val_loss
0,0.905894935131073,0.5165742635726929,0.3318518102169037,1e-04,0.900466799736023,0.5545687675476074,0.2918747067451477
1,0.9442636966705322,0.6460675001144409,0.22116388380527496,1e-04,0.9327709674835205,0.6424161195755005,0.22269858419895172
2,0.9510908126831055,0.6833577156066895,0.193788081407547,1e-04,0.9461453557014465,0.6900064945220947,0.18690897524356842
3,0.9565082788467407,0.7169495224952698,0.16914281249046326,1e-04,0.9494150280952454,0.7036716341972351,0.17620666325092316
4,0.9590252637863159,0.7248368263244629,0.1648920625448227,1e-04,0.951651930809021,0.7155081033706665,0.16941076517105103
5,0.9618086218833923,0.7440809607505798,0.1507355272769928,1e-04,0.9471017122268677,0.7079492807388306,0.17508910596370697
6,0.9628472924232483,0.7505623698234558,0.14574593305587769,1e-04,0.9587032198905945,0.7446374297142029,0.1510029137134552
7,0.9637795090675354,0.755601167678833,0.14254318177700043,1e-04,0.9598881006240845,0.7536129951477051,0.14495640993118286
8,0.9659836292266846,0.7668307423591614,0.135016068816185,1e-04,0.956593930721283,0.7426290512084961,0.1520540714263916
9,0.9666895270347595,0.7729671001434326,0.13174830377101898,1e-04,0.9614146947860718,0.7550289630889893,0.14274391531944275
10,0.9678186774253845,0.7776893377304077,0.12815898656845093,1e-04,0.9556832909584045,0.7462434768676758,0.14828015863895416
11,0.9680477380752563,0.7805966138839722,0.12674397230148315,1e-04,0.9588925242424011,0.7606174349784851,0.13924075663089752
12,0.9688746333122253,0.7859228849411011,0.12327513098716736,1e-04,0.9658111929893494,0.785532534122467,0.12207715958356857
13,0.9698972702026367,0.7929185628890991,0.11813121289014816,1e-04,0.963175356388092,0.7710610032081604,0.13406334817409515
14,0.9711273908615112,0.7978474497795105,0.11613926291465759,1e-04,0.966059148311615,0.7876573204994202,0.12163171172142029
15,0.9719762802124023,0.8043504953384399,0.11100947856903076,1e-04,0.9508542418479919,0.7330768704414368,0.16040007770061493
16,0.9716359376907349,0.803062915802002,0.1117575466632843,1e-04,0.9611174464225769,0.7542745471000671,0.1433454304933548
17,0.9720641374588013,0.8061949014663696,0.10987567901611328,1e-04,0.9626712799072266,0.7771409153938293,0.12875132262706757
18,0.9730840921401978,0.8123555183410645,0.10582560300827026,1e-04,0.9594822525978088,0.7656141519546509,0.1364426612854004
19,0.9729399681091309,0.8108258843421936,0.10762955248355865,1e-04,0.9627953171730042,0.7783390283584595,0.12796609103679657
20,0.9762029051780701,0.829254150390625,0.09580914676189423,1e-05,0.9699700474739075,0.810917854309082,0.10610781610012054
21,0.9763171672821045,0.8336358070373535,0.0927925556898117,1e-05,0.969944417476654,0.812675952911377,0.1049627810716629
22,0.976788341999054,0.8333235383033752,0.09417738765478134,1e-05,0.9690417647361755,0.8108111023902893,0.10634065419435501
23,0.977165162563324,0.8380287289619446,0.08992358297109604,1e-05,0.970758318901062,0.8090817928314209,0.10864561796188354
24,0.977458655834198,0.8392215967178345,0.08947765827178955,1e-05,0.9702337980270386,0.8100241422653198,0.10785830765962601
25,0.9773749113082886,0.8389042019844055,0.09010156244039536,1e-05,0.9676558971405029,0.8012877702713013,0.11382103711366653
26,0.9772925972938538,0.8371233940124512,0.0912848711013794,1e-05,0.9682201147079468,0.8058388233184814,0.11128472536802292
27,0.9777863025665283,0.8419763445854187,0.08731720596551895,1e-06,0.9704079627990723,0.8146774172782898,0.10504166781902313
28,0.9783192276954651,0.8449320793151855,0.08571188896894455,1e-06,0.969426691532135,0.8109201192855835,0.10690797120332718
29,0.9782136678695679,0.8447904586791992,0.08595262467861176,1e-06,0.9691628217697144,0.81197589635849,0.10612509399652481
30,0.9779184460639954,0.8430401682853699,0.08715972304344177,1e-06,0.97025066614151,0.8153250217437744,0.10387008637189865
31,0.9781796932220459,0.8449971079826355,0.0856199637055397,1e-06,0.9700047373771667,0.8159230947494507,0.10308348387479782
32,0.9782665371894836,0.8441215753555298,0.086356021463871,1e-06,0.9703437685966492,0.8080411553382874,0.11134789139032364
33,0.9780111312866211,0.8441191911697388,0.08645638078451157,1e-06,0.9702112674713135,0.8141630291938782,0.10422112047672272
34,0.9782078862190247,0.8421984910964966,0.0874374583363533,1e-06,0.9704714417457581,0.8155587315559387,0.10370363295078278
35,0.9780852198600769,0.8431037664413452,0.08729930967092514,1e-06,0.9699856638908386,0.8138561248779297,0.10511977970600128
36,0.9783836603164673,0.8431694507598877,0.0873161107301712,1e-06,0.9706743955612183,0.81606525182724,0.10306254774332047
37,0.9780659079551697,0.8436231017112732,0.08665968477725983,1e-07,0.9701802730560303,0.817611813545227,0.10182813555002213
38,0.9780547022819519,0.8418542146682739,0.08798737823963165,1e-07,0.9697425961494446,0.8112980723381042,0.10669053345918655
39,0.9781474471092224,0.8428150415420532,0.08816224336624146,1e-07,0.9710994362831116,0.8184682726860046,0.10197202861309052
40,0.978463351726532,0.844861626625061,0.08600975573062897,1e-07,0.9690251350402832,0.809758722782135,0.10777626186609268
41,0.9783462285995483,0.8458370566368103,0.08499526232481003,1e-07,0.970206081867218,0.8134400844573975,0.10536032170057297
42,0.978258490562439,0.8450891971588135,0.08588457852602005,1e-07,0.9704885482788086,0.8135222792625427,0.10515850782394409
43,0.9780327677726746,0.8431162238121033,0.08741488307714462,1e-08,0.9706271290779114,0.8166645765304565,0.10287953913211823
44,0.9783840179443359,0.8424447178840637,0.0877506211400032,1e-08,0.9706222414970398,0.8155816197395325,0.10442706197500229
45,0.9780791401863098,0.8443467617034912,0.08614613115787506,1e-08,0.9692297577857971,0.8128461837768555,0.10523806512355804
46,0.978199303150177,0.84461510181427,0.08613836765289307,1e-08,0.971078634262085,0.8136380910873413,0.10509037226438522
47,0.9784399271011353,0.843707799911499,0.0864691287279129,1e-08,0.9705761075019836,0.819369375705719,0.10095365345478058
48,0.9780433177947998,0.8441600799560547,0.08642484247684479,1e-08,0.9700798392295837,0.8108909726142883,0.1086006686091423
49,0.9783737063407898,0.8452159762382507,0.08561503887176514,1e-08,0.9691540598869324,0.8098466396331787,0.10816251486539841
50,0.9780431389808655,0.8436444997787476,0.0866725817322731,1e-08,0.971461832523346,0.816218376159668,0.10313000530004501
51,0.9783019423484802,0.8442745208740234,0.08681129664182663,1e-08,0.9712418913841248,0.8182290196418762,0.10265085846185684
52,0.978184163570404,0.8431949019432068,0.08730488270521164,1e-08,0.9698728322982788,0.8160445690155029,0.10349168628454208
53,0.9781789183616638,0.8433592915534973,0.08777891099452972,1e-09,0.9703999161720276,0.81015944480896,0.10875813663005829
54,0.9783241748809814,0.8457682728767395,0.08509299159049988,1e-09,0.9698914289474487,0.8115817308425903,0.1070585548877716
55,0.9782289862632751,0.8416571021080017,0.08830150216817856,1e-09,0.9697256088256836,0.8091171979904175,0.10839813202619553
56,0.9782246947288513,0.8444282412528992,0.08611949533224106,1e-09,0.9707289338111877,0.8156792521476746,0.1040572002530098
57,0.9783504009246826,0.8419567942619324,0.08856678009033203,1e-09,0.970958411693573,0.8146457076072693,0.10493284463882446
