epoch,accuracy,jaccard_coef,loss,lr,val_accuracy,val_jaccard_coef,val_loss
0,0.9061264395713806,0.5183314681053162,0.329672247171402,1e-04,0.9341630935668945,0.6329106092453003,0.22784847021102905
1,0.9442378282546997,0.6456472873687744,0.22138890624046326,1e-04,0.938585102558136,0.6684393286705017,0.20246905088424683
2,0.9523364901542664,0.6882895231246948,0.18993590772151947,1e-04,0.9479933381080627,0.6941282153129578,0.18279393017292023
3,0.9568089842796326,0.7173086404800415,0.16859868168830872,1e-04,0.9450349807739258,0.6940361261367798,0.1831476241350174
4,0.9595122337341309,0.7269925475120544,0.1633220911026001,1e-04,0.9395503997802734,0.6759466528892517,0.19718308746814728
5,0.9615102410316467,0.741925060749054,0.15217562019824982,1e-04,0.9527891278266907,0.7269377708435059,0.1611792892217636
6,0.9632536768913269,0.7517914772033691,0.14493538439273834,1e-04,0.9375802278518677,0.686322808265686,0.19551034271717072
7,0.9647118449211121,0.7610256671905518,0.13869504630565643,1e-04,0.9536712169647217,0.7303191423416138,0.1608593910932541
8,0.9666963219642639,0.771471381187439,0.1319476068019867,1e-04,0.9577862024307251,0.7490596175193787,0.1482279896736145
9,0.9670892357826233,0.7750329375267029,0.1305055022239685,1e-04,0.9536460041999817,0.7355906367301941,0.15614217519760132
10,0.9680705070495605,0.7790069580078125,0.127511128783226,1e-04,0.9521065354347229,0.7267876267433167,0.16227084398269653
11,0.9685550332069397,0.7833055257797241,0.12498530745506287,1e-04,0.9635814428329468,0.7789300084114075,0.12715303897857666
12,0.968910276889801,0.786595344543457,0.12292826175689697,1e-04,0.9615373611450195,0.7673673033714294,0.1358533352613449
13,0.969578206539154,0.7913109064102173,0.11914733797311783,1e-04,0.9581156969070435,0.7515623569488525,0.14695195853710175
14,0.9713783264160156,0.7987971305847168,0.11557567864656448,1e-04,0.9425077438354492,0.6971747279167175,0.18485932052135468
15,0.9719807505607605,0.8037436008453369,0.11128956079483032,1e-04,0.9551201462745667,0.7550428509712219,0.14788725972175598
16,0.9715948104858398,0.8030749559402466,0.11176951974630356,1e-04,0.9590052366256714,0.7634482383728027,0.13956904411315918
17,0.9744932651519775,0.8210052251815796,0.10061793029308319,1e-05,0.9651397466659546,0.788429319858551,0.12255220860242844
18,0.9758287072181702,0.8290390372276306,0.09549348056316376,1e-05,0.9649584293365479,0.7911851406097412,0.12071367353200912
19,0.9761073589324951,0.8299612402915955,0.09578733891248703,1e-05,0.9662443995475769,0.7964963316917419,0.11574973911046982
20,0.9765514135360718,0.8308424353599548,0.09484751522541046,1e-05,0.9666081666946411,0.7964000701904297,0.11645589023828506
21,0.9761132001876831,0.831949770450592,0.0937616229057312,1e-05,0.9704827666282654,0.8135700821876526,0.10452186316251755
22,0.9766101241111755,0.8310752511024475,0.09530210494995117,1e-05,0.9688506722450256,0.8100194931030273,0.10717973113059998
23,0.9768469333648682,0.8358135223388672,0.0912582203745842,1e-05,0.9695860743522644,0.8070859909057617,0.10937466472387314
24,0.9770962595939636,0.8365394473075867,0.09112637490034103,1e-05,0.9682722091674805,0.8008524775505066,0.11387411504983902
25,0.9771614074707031,0.8372211456298828,0.09096571803092957,1e-05,0.9697940945625305,0.8096897006034851,0.10711871087551117
26,0.9768732190132141,0.8343169093132019,0.09307238459587097,1e-05,0.9681429862976074,0.8054084181785583,0.1114465519785881
27,0.9773951768875122,0.8384526371955872,0.0895872488617897,1e-06,0.9690687656402588,0.8092383742332458,0.10866948217153549
28,0.9778282046318054,0.8418128490447998,0.08789606392383575,1e-06,0.9680750966072083,0.80405193567276,0.11169252544641495
29,0.9777315855026245,0.8416094183921814,0.08790633082389832,1e-06,0.9679721593856812,0.8060515522956848,0.11028429120779037
30,0.9775464534759521,0.8402352333068848,0.08900246769189835,1e-06,0.9691929817199707,0.8113740086555481,0.10674650222063065
31,0.9777538180351257,0.8423181772232056,0.08725382387638092,1e-06,0.9687777757644653,0.8093478679656982,0.10737258940935135
