epoch,accuracy,jaccard_coef,loss,lr,val_accuracy,val_jaccard_coef,val_loss
0,0.8500394821166992,0.36448562145233154,0.4828079044818878,5e-05,0.8880403637886047,0.47441208362579346,0.3593883514404297
1,0.9532361626625061,0.558663547039032,0.29215770959854126,5e-05,0.9508073925971985,0.5922197699546814,0.25794705748558044
2,0.9661474823951721,0.6481244564056396,0.2202889621257782,5e-05,0.9400953054428101,0.6191068887710571,0.23761968314647675
3,0.972906231880188,0.7111274003982544,0.17365047335624695,5e-05,0.970258891582489,0.7465224266052246,0.1463782787322998
4,0.9752725958824158,0.7517306804656982,0.1459173560142517,5e-05,0.9250494241714478,0.6079731583595276,0.24896223843097687
5,0.977387547492981,0.7867476940155029,0.12261291593313217,5e-05,0.9259785413742065,0.6317404508590698,0.22841773927211761
6,0.9783620238304138,0.8057501316070557,0.11059566587209702,5e-05,0.9756159782409668,0.8231901526451111,0.09740753471851349
7,0.9795002937316895,0.8252757787704468,0.09800759702920914,5e-05,0.9731550216674805,0.8018422722816467,0.1111328974366188
8,0.9806050062179565,0.8387485146522522,0.08978241682052612,5e-05,0.9752079248428345,0.8234559893608093,0.09737704694271088
9,0.9800410866737366,0.8414734601974487,0.0880960151553154,5e-05,0.8773442506790161,0.5117381811141968,0.3265467584133148
10,0.980832576751709,0.8512833118438721,0.08192449063062668,5e-05,0.9776493310928345,0.8493394255638123,0.08197934180498123
11,0.9810717105865479,0.855292797088623,0.07978309690952301,5e-05,0.9715588092803955,0.8108617663383484,0.10518422722816467
12,0.981719434261322,0.8618233799934387,0.07600399106740952,5e-05,0.9798124432563782,0.8619186282157898,0.07474283128976822
13,0.9820907711982727,0.8657724261283875,0.07376155257225037,5e-05,0.9723495841026306,0.8098809719085693,0.10590440034866333
14,0.9810705780982971,0.8612047433853149,0.07616953551769257,5e-05,0.9751762747764587,0.82933109998703,0.09381434321403503
15,0.982394814491272,0.8715515732765198,0.06995155662298203,5e-05,0.9797703623771667,0.8665580153465271,0.07191004604101181
16,0.9825165867805481,0.8712769150733948,0.07031138986349106,5e-05,0.9769159555435181,0.8463903665542603,0.08369705080986023
17,0.9822826385498047,0.8732708692550659,0.06924426555633545,5e-05,0.9070072174072266,0.5970714092254639,0.2548949122428894
18,0.981657862663269,0.8670443296432495,0.0728178396821022,5e-05,0.9595838189125061,0.7458390593528748,0.14702357351779938
19,0.9825267195701599,0.873154878616333,0.06889551132917404,5e-05,0.9530143141746521,0.7321686744689941,0.1563134491443634
20,0.9828642010688782,0.8767102956771851,0.06691443920135498,5e-05,0.9696087837219238,0.7959620356559753,0.11524278670549393
21,0.982757031917572,0.8760045766830444,0.06806240975856781,5e-06,0.9804078936576843,0.8713093996047974,0.06927464157342911
22,0.983337938785553,0.8812161684036255,0.06424414366483688,5e-06,0.9810969233512878,0.8748452663421631,0.06714149564504623
23,0.9834698438644409,0.8816547393798828,0.0643593892455101,5e-06,0.9803800582885742,0.8722911477088928,0.06863407045602798
24,0.9836480021476746,0.8809288740158081,0.06466357409954071,5e-06,0.9808865785598755,0.8732183575630188,0.06815821677446365
25,0.983832597732544,0.8828127384185791,0.06346897035837173,5e-06,0.9820315837860107,0.8780353665351868,0.06536795198917389
26,0.984048068523407,0.8844140768051147,0.06256852298974991,5e-06,0.9807315468788147,0.8756465911865234,0.06667779386043549
27,0.9836294651031494,0.8819224238395691,0.06405079364776611,5e-06,0.980880618095398,0.8749921917915344,0.06706241518259048
28,0.9840697646141052,0.8844757676124573,0.062476374208927155,5e-06,0.9805192947387695,0.8721807599067688,0.06863100826740265
29,0.9840632677078247,0.8840782642364502,0.06267143040895462,5e-06,0.9810242652893066,0.8763931393623352,0.06620173901319504
30,0.9838753342628479,0.8834769129753113,0.063181571662426,5e-06,0.9804174900054932,0.8681004047393799,0.07112646847963333
31,0.9841209053993225,0.883989691734314,0.06292802095413208,5e-07,0.9807901978492737,0.8724457025527954,0.06848284602165222
32,0.9840412139892578,0.883697509765625,0.06293696910142899,5e-07,0.9799666404724121,0.8728355169296265,0.06826696544885635
33,0.9839305877685547,0.8849867582321167,0.0622871033847332,5e-07,0.9811316728591919,0.8738758563995361,0.06772870570421219
34,0.9838985800743103,0.8824617266654968,0.06398195028305054,5e-07,0.9805272817611694,0.8722924590110779,0.06883424520492554
35,0.9840680360794067,0.8845286965370178,0.06245255470275879,5e-07,0.9815334677696228,0.8764945268630981,0.06612012535333633
