epoch,accuracy,jaccard_coef,loss,lr,val_accuracy,val_jaccard_coef,val_loss
0,0.7520776987075806,0.28190499544143677,0.5713985562324524,5e-05,0.7143288850784302,0.3218982517719269,0.515873372554779
1,0.919941246509552,0.4691861867904663,0.3693498373031616,5e-05,0.9414020776748657,0.6298978924751282,0.22976167500019073
2,0.9529056549072266,0.5725482702255249,0.2792653739452362,5e-05,0.9271697402000427,0.5879237055778503,0.261324942111969
3,0.9677539467811584,0.6559882760047913,0.2138713151216507,5e-05,0.9609938859939575,0.7162392735481262,0.16657386720180511
4,0.972949743270874,0.7098348736763,0.1747359186410904,5e-05,0.9633150100708008,0.724661648273468,0.1608736217021942
5,0.9758163690567017,0.7499566674232483,0.14704352617263794,5e-05,0.9736441969871521,0.7787737250328064,0.12522287666797638
6,0.97812420129776,0.7833007574081421,0.12379306554794312,5e-05,0.9731436967849731,0.8060592412948608,0.10787857323884964
7,0.9796313047409058,0.8090981245040894,0.10812924057245255,5e-05,0.9776208400726318,0.8249740600585938,0.09644139558076859
8,0.979728102684021,0.8219296336174011,0.09979957342147827,5e-05,0.9768041968345642,0.8365204334259033,0.08940812945365906
9,0.9807251691818237,0.8371583223342896,0.09027936309576035,5e-05,0.9782800078392029,0.8446577787399292,0.08449561148881912
10,0.9811979532241821,0.8463560938835144,0.08483657240867615,5e-05,0.9754720330238342,0.8293402791023254,0.094015933573246
11,0.9810004830360413,0.8477540612220764,0.08401145786046982,5e-05,0.9778161644935608,0.845494270324707,0.0842166468501091
12,0.9814261198043823,0.8569492697715759,0.07839597761631012,5e-05,0.9795005917549133,0.8603804707527161,0.0753980502486229
13,0.9820111393928528,0.8628795742988586,0.07506484538316727,5e-05,0.9760886430740356,0.8438318967819214,0.0851777121424675
14,0.9820055365562439,0.8645200729370117,0.07395150512456894,5e-05,0.9800557494163513,0.863699734210968,0.07346180081367493
15,0.9824167490005493,0.8674732446670532,0.0723349079489708,5e-05,0.9800711870193481,0.863224983215332,0.07408582419157028
16,0.9824016690254211,0.8699377179145813,0.07093232125043869,5e-05,0.9795871376991272,0.8657022714614868,0.07240156084299088
17,0.9826884269714355,0.8722065687179565,0.06966181099414825,5e-05,0.977850079536438,0.8515511155128479,0.0806015133857727
18,0.9823716878890991,0.8706441521644592,0.07054511457681656,5e-05,0.9807010889053345,0.8706167340278625,0.06950248032808304
19,0.9824211597442627,0.8724590539932251,0.06926483660936356,5e-05,0.9689790606498718,0.8040688037872314,0.10978525876998901
20,0.9824356436729431,0.8735366463661194,0.0687694400548935,5e-05,0.9806705713272095,0.870141863822937,0.06984850764274597
21,0.9829068183898926,0.8765510320663452,0.067061647772789,5e-05,0.9806655049324036,0.8698840737342834,0.0700872465968132
22,0.9837885499000549,0.8809981942176819,0.06433948129415512,5e-05,0.979425311088562,0.8649499416351318,0.0731058269739151
23,0.9833272099494934,0.8788965344429016,0.06540756672620773,5e-05,0.9812807440757751,0.8760228753089905,0.06685040891170502
24,0.9832699298858643,0.8796497583389282,0.06516473740339279,5e-05,0.9799671173095703,0.8681939840316772,0.07124529033899307
25,0.9832687973976135,0.8788371682167053,0.06591220945119858,5e-05,0.9799098968505859,0.870427131652832,0.06993772089481354
26,0.9835852980613708,0.8798854351043701,0.06515700370073318,5e-05,0.9788475036621094,0.8574851751327515,0.07725152373313904
27,0.9832248091697693,0.8808535933494568,0.06475430727005005,5e-05,0.9800796508789062,0.8723526000976562,0.06903253495693207
28,0.9836808443069458,0.8829503655433655,0.0635654479265213,5e-05,0.9810666441917419,0.8781226277351379,0.06528560072183609
29,0.9839407801628113,0.8829067349433899,0.06359254568815231,5e-05,0.9794894456863403,0.866851806640625,0.07215999066829681
30,0.9839422702789307,0.8840644955635071,0.06286454945802689,5e-05,0.978707492351532,0.8659921884536743,0.07264221459627151
31,0.9835910797119141,0.8829566836357117,0.06338512152433395,5e-05,0.9815713763237,0.8764172792434692,0.06643760204315186
32,0.9837322235107422,0.8830306529998779,0.06331437826156616,5e-05,0.9819280505180359,0.8790951371192932,0.06474532932043076
33,0.9839600920677185,0.883428692817688,0.06305940449237823,5e-05,0.9810392260551453,0.8771827220916748,0.06571238487958908
34,0.9844875931739807,0.8888723850250244,0.05972246453166008,5e-05,0.9798069596290588,0.8686723709106445,0.07163539528846741
35,0.984016478061676,0.8835882544517517,0.06248795986175537,5e-05,0.9803982973098755,0.8707362413406372,0.06950968503952026
36,0.9840766191482544,0.885297954082489,0.062264155596494675,5e-05,0.9823518991470337,0.8821719288825989,0.06280557066202164
37,0.9841775894165039,0.8858400583267212,0.06167133152484894,5e-05,0.9814637303352356,0.8793408274650574,0.06456105411052704
38,0.9845936298370361,0.8888081908226013,0.059803951531648636,5e-05,0.9813460111618042,0.8763454556465149,0.06623029708862305
39,0.9842967391014099,0.8853790163993835,0.06216876208782196,5e-05,0.9805682897567749,0.8756477236747742,0.06734506040811539
40,0.9845582246780396,0.8865265250205994,0.061306923627853394,5e-05,0.9817379713058472,0.8768100738525391,0.06604243814945221
41,0.9846236705780029,0.8893895149230957,0.05942358076572418,5e-05,0.9817311763763428,0.8811247944831848,0.06356831640005112
42,0.9852665662765503,0.8923007845878601,0.05783732980489731,5e-06,0.9827476143836975,0.8836889863014221,0.06208021193742752
43,0.9851105213165283,0.8919422030448914,0.05823838710784912,5e-06,0.9819396734237671,0.8824122548103333,0.06282664835453033
44,0.9848567247390747,0.8917532563209534,0.058203186839818954,5e-06,0.9822940826416016,0.8818323016166687,0.06310582160949707
45,0.985201895236969,0.8922052383422852,0.05798753350973129,5e-06,0.9814634323120117,0.8792072534561157,0.06509842723608017
46,0.9853466749191284,0.893433153629303,0.05739028379321098,5e-06,0.9808405637741089,0.87856525182724,0.06580309569835663
47,0.9852222800254822,0.8941770792007446,0.05675411969423294,5e-06,0.9816368818283081,0.8801379799842834,0.06440792977809906
48,0.9856851696968079,0.8951317667961121,0.05640736222267151,5e-07,0.9815334677696228,0.8803957104682922,0.06424112617969513
49,0.985110342502594,0.8924145102500916,0.05806056410074234,5e-07,0.9812119007110596,0.8788962960243225,0.06526779383420944
50,0.9855595827102661,0.8945032954216003,0.05666232481598854,5e-07,0.9818686246871948,0.8801751136779785,0.06443755328655243
51,0.9851849675178528,0.8927172422409058,0.05774026736617088,5e-07,0.9814424514770508,0.8837234973907471,0.06222876161336899
52,0.9856755137443542,0.8944039344787598,0.056550465524196625,5e-07,0.982306957244873,0.8798927068710327,0.06435158103704453
