epoch,accuracy,jaccard_coef,loss,lr,val_accuracy,val_jaccard_coef,val_loss
0,0.8009701371192932,0.3196653723716736,0.5284929275512695,5e-05,0.9308333992958069,0.511868417263031,0.32526397705078125
1,0.936323344707489,0.5078534483909607,0.33351054787635803,5e-05,0.948743999004364,0.5926705002784729,0.25837352871894836
2,0.956484854221344,0.593002200126648,0.2618652284145355,5e-05,0.9669837951660156,0.6651868224143982,0.2025177776813507
3,0.9679107666015625,0.667256772518158,0.20490269362926483,5e-05,0.9613567590713501,0.6856611371040344,0.1880834549665451
4,0.9722769260406494,0.7154335379600525,0.17029258608818054,5e-05,0.9722341299057007,0.7489129304885864,0.1443856656551361
5,0.9749951958656311,0.7525056600570679,0.14494064450263977,5e-05,0.9767201542854309,0.7962825894355774,0.1139160692691803
6,0.9770575165748596,0.7827450633049011,0.1236974373459816,5e-05,0.9781587719917297,0.8203400373458862,0.09917628765106201
7,0.9785363674163818,0.8068065643310547,0.10950392484664917,5e-05,0.9770205020904541,0.8227418065071106,0.09779366850852966
8,0.9787585139274597,0.8193329572677612,0.10132578015327454,5e-05,0.9759294986724854,0.8286712169647217,0.09399520605802536
9,0.980267345905304,0.8361440896987915,0.09094447642564774,5e-05,0.9791556596755981,0.8524804711341858,0.07994280010461807
10,0.9800087809562683,0.840316891670227,0.08839485794305801,5e-05,0.9780322313308716,0.8440704941749573,0.08541728556156158
11,0.9801408052444458,0.8436015248298645,0.08649496734142303,5e-05,0.9797634482383728,0.8564901351928711,0.07776393741369247
12,0.9809436798095703,0.8548476099967957,0.07973451167345047,5e-05,0.9813143014907837,0.8709537982940674,0.06920497864484787
13,0.9812065958976746,0.8583285808563232,0.07782862335443497,5e-05,0.9799447655677795,0.8649090528488159,0.07270709425210953
14,0.9812760949134827,0.8604205250740051,0.07646846771240234,5e-05,0.9810521602630615,0.8709852695465088,0.06922197341918945
15,0.981841504573822,0.8644108176231384,0.07402879744768143,5e-05,0.9808692932128906,0.8693327307701111,0.07034915685653687
16,0.9818564057350159,0.8663853406906128,0.07291922718286514,5e-05,0.9803546667098999,0.8704075217247009,0.06957582384347916
17,0.982117772102356,0.8684750199317932,0.07166298478841782,5e-05,0.9815291166305542,0.8771408200263977,0.06563547998666763
18,0.9824299812316895,0.8704774379730225,0.07062800228595734,5e-05,0.979786217212677,0.8648645877838135,0.07284653931856155
19,0.9823455810546875,0.8720008730888367,0.06960034370422363,5e-05,0.9803255796432495,0.8738130927085876,0.06760776042938232
20,0.9824458956718445,0.8735478520393372,0.06859316676855087,5e-05,0.9816406965255737,0.8770636916160583,0.06578604131937027
21,0.981812596321106,0.8704569935798645,0.0707920715212822,5e-05,0.9816985130310059,0.8744311332702637,0.06734452396631241
22,0.9826471209526062,0.8738146424293518,0.0686236172914505,5e-05,0.9809178709983826,0.8758993148803711,0.06660589575767517
23,0.9830203652381897,0.8767943978309631,0.06685424596071243,5e-06,0.9817574620246887,0.879917562007904,0.06404991447925568
24,0.9830034971237183,0.8783900141716003,0.06597261130809784,5e-06,0.9811906218528748,0.8765597939491272,0.06615959852933884
25,0.9832893013954163,0.8793080449104309,0.06549901515245438,5e-06,0.9821327328681946,0.8814613223075867,0.06320502609014511
26,0.983351469039917,0.8788101673126221,0.06579718738794327,5e-06,0.981740415096283,0.8786486983299255,0.06486452370882034
27,0.9831129908561707,0.8798295259475708,0.06522348523139954,5e-06,0.9818897843360901,0.8839583396911621,0.061830006539821625
28,0.9834142327308655,0.8809372782707214,0.06474938243627548,5e-06,0.9814488887786865,0.8794896602630615,0.06444112211465836
29,0.9836024641990662,0.8805736899375916,0.0650467500090599,5e-06,0.9827775359153748,0.8836766481399536,0.061932988464832306
30,0.9834975004196167,0.8804892897605896,0.0647517740726471,5e-06,0.9814424514770508,0.8804805278778076,0.0638020783662796
31,0.9836813807487488,0.8821022510528564,0.06349267065525055,5e-06,0.9828296899795532,0.8826442956924438,0.06257171928882599
32,0.9836339950561523,0.8819501399993896,0.06388001143932343,5e-06,0.9816647171974182,0.8788585662841797,0.0647825300693512
33,0.9835185408592224,0.8803025484085083,0.06499944627285004,5e-07,0.9817291498184204,0.8810296058654785,0.06343945115804672
34,0.9839932322502136,0.8847541213035583,0.06214834749698639,5e-07,0.9816721081733704,0.8785510063171387,0.06529121845960617
35,0.9834411144256592,0.8794142007827759,0.06491368263959885,5e-07,0.9820864200592041,0.8826375603675842,0.06254774332046509
36,0.9838221669197083,0.8833402395248413,0.06333839148283005,5e-07,0.9831863045692444,0.886150598526001,0.06053324043750763
37,0.9836726784706116,0.8819255828857422,0.0636725053191185,5e-07,0.9817624688148499,0.8811995983123779,0.06345731765031815
38,0.9836099743843079,0.8825409412384033,0.06350903958082199,5e-07,0.9824327826499939,0.883299708366394,0.06220678240060806
39,0.9837033152580261,0.8807973861694336,0.06465698033571243,5e-07,0.9822176694869995,0.882803201675415,0.06259266287088394
40,0.9841125011444092,0.8832185864448547,0.06289050728082657,5e-07,0.9820258021354675,0.8786997199058533,0.06489340215921402
41,0.9839503169059753,0.8841631412506104,0.06225280836224556,5e-07,0.9819657206535339,0.8828552961349487,0.062487076967954636
42,0.9843490123748779,0.8851954936981201,0.061582427471876144,5e-08,0.9822095632553101,0.8801032900810242,0.06405730545520782
43,0.9839973449707031,0.8834560513496399,0.06310196220874786,5e-08,0.9819057583808899,0.8823923468589783,0.06268484145402908
44,0.983406126499176,0.8819436430931091,0.06393235921859741,5e-08,0.9822916388511658,0.8804015517234802,0.06385379284620285
45,0.9838886857032776,0.8829193711280823,0.0632341280579567,5e-08,0.9823792576789856,0.8836292624473572,0.06195540353655815
46,0.9841386079788208,0.8837528228759766,0.062605120241642,5e-08,0.9819720983505249,0.8821178674697876,0.0629243403673172
