epoch,accuracy,jaccard_coef,loss,lr,val_accuracy,val_jaccard_coef,val_loss
0,0.8606971502304077,0.3953768014907837,0.44969937205314636,5e-05,0.9157313704490662,0.516775906085968,0.32246139645576477
1,0.9485980868339539,0.5680537819862366,0.2839309573173523,5e-05,0.9335389137268066,0.5861367583274841,0.2637103199958801
2,0.9631414413452148,0.6553043723106384,0.21493229269981384,5e-05,0.969414234161377,0.7120013236999512,0.16967228055000305
3,0.9705084562301636,0.7171792984008789,0.16928234696388245,5e-05,0.9533785581588745,0.7020768523216248,0.17923936247825623
4,0.974507212638855,0.7604620456695557,0.13986565172672272,5e-05,0.9687032699584961,0.764654278755188,0.13424476981163025
5,0.9771790504455566,0.7942723035812378,0.11740941554307938,5e-05,0.9488487839698792,0.7170503735542297,0.16968786716461182
6,0.9784488677978516,0.8126524090766907,0.10584741085767746,5e-05,0.974598228931427,0.8154834508895874,0.10247067362070084
7,0.9794557094573975,0.8299364447593689,0.09478332847356796,5e-05,0.9751303791999817,0.8252265453338623,0.09718877822160721
8,0.9801302552223206,0.8391440510749817,0.08922547101974487,5e-05,0.9749420285224915,0.8303307890892029,0.0933656096458435
9,0.9804624915122986,0.8465787768363953,0.08483267575502396,5e-05,0.9793010354042053,0.8534201979637146,0.07972149550914764
10,0.9808201789855957,0.8527681827545166,0.08107178658246994,5e-05,0.9781463742256165,0.8545152544975281,0.07898148149251938
11,0.9808553457260132,0.855312168598175,0.07973378896713257,5e-05,0.9781039357185364,0.8536378145217896,0.07933763414621353
12,0.981867790222168,0.8623443841934204,0.07520917057991028,5e-05,0.9797107577323914,0.8626927733421326,0.07425971329212189
13,0.9819321036338806,0.8652944564819336,0.07357457280158997,5e-05,0.9805485606193542,0.8672896027565002,0.07148182392120361
14,0.9816423058509827,0.8649111390113831,0.07389441877603531,5e-05,0.9726918339729309,0.821105420589447,0.09968280792236328
15,0.9818841218948364,0.8687840104103088,0.07159854471683502,5e-05,0.9813188314437866,0.8756925463676453,0.06664741039276123
16,0.9819393754005432,0.8677237629890442,0.0723346695303917,5e-05,0.9814130663871765,0.8758543133735657,0.06654958426952362
17,0.98200523853302,0.8704747557640076,0.07050342112779617,5e-05,0.9798547625541687,0.8698751926422119,0.07007548213005066
18,0.9814585447311401,0.8660500049591064,0.0733841136097908,5e-05,0.9773457646369934,0.8477486968040466,0.08318600803613663
19,0.9824815392494202,0.8735355138778687,0.06877309828996658,5e-05,0.9822531938552856,0.8807279467582703,0.0637507364153862
20,0.9825995564460754,0.8746269941329956,0.0681554302573204,5e-05,0.9761831164360046,0.8484838604927063,0.08327221870422363
21,0.9825934171676636,0.8734850287437439,0.06918112933635712,5e-05,0.980965256690979,0.8731322288513184,0.0682811439037323
22,0.9830225110054016,0.878795862197876,0.06555139273405075,5e-05,0.9768866896629333,0.8497666120529175,0.08247322589159012
23,0.9828279614448547,0.8768357634544373,0.06683028489351273,5e-05,0.9792017340660095,0.8619517087936401,0.0748715028166771
24,0.9831723570823669,0.8778355121612549,0.06604000926017761,5e-05,0.981971025466919,0.8796372413635254,0.06451277434825897
25,0.9837302565574646,0.8821238279342651,0.06354963034391403,5e-06,0.9825604557991028,0.8812534809112549,0.06355990469455719
26,0.983648419380188,0.8819751739501953,0.06413725763559341,5e-06,0.9818888306617737,0.8820016384124756,0.06309833377599716
27,0.983661949634552,0.881415605545044,0.06410906463861465,5e-06,0.9826715588569641,0.8843320608139038,0.061763498932123184
28,0.9839527010917664,0.8839080929756165,0.062397345900535583,5e-06,0.9819434285163879,0.8804738521575928,0.06393638253211975
29,0.9840231537818909,0.8833345174789429,0.06280379742383957,5e-06,0.9817562103271484,0.8807862401008606,0.06370199471712112
30,0.9837862253189087,0.8824935555458069,0.06344188749790192,5e-06,0.9828498363494873,0.8825047016143799,0.0628739595413208
31,0.9838607907295227,0.8827309608459473,0.06322632730007172,5e-06,0.9824071526527405,0.8822974562644958,0.06286181509494781
32,0.9835258722305298,0.880870521068573,0.06479240208864212,5e-06,0.9816156625747681,0.8814253807067871,0.06338623911142349
33,0.9838405847549438,0.8838484287261963,0.06264914572238922,5e-07,0.9825028777122498,0.8819590210914612,0.0630759596824646
34,0.9837585687637329,0.881483793258667,0.06418506801128387,5e-07,0.9816551804542542,0.8787087202072144,0.0651385709643364
35,0.9839224219322205,0.8836353421211243,0.06262777000665665,5e-07,0.9825471043586731,0.8816648125648499,0.06322647631168365
36,0.9841016530990601,0.8844757080078125,0.062124207615852356,5e-07,0.9821049571037292,0.8844196796417236,0.06160332262516022
37,0.9838575720787048,0.8819251656532288,0.06397374719381332,5e-07,0.9826197028160095,0.8822322487831116,0.06286514550447464
38,0.9840418696403503,0.8848288655281067,0.061879537999629974,5e-07,0.9818220138549805,0.8808815479278564,0.06372860819101334
39,0.9842973351478577,0.8860296010971069,0.06123044341802597,5e-07,0.9823707938194275,0.881983757019043,0.06310208141803741
40,0.9842042326927185,0.8849562406539917,0.061819009482860565,5e-07,0.9827344417572021,0.8808871507644653,0.06374891847372055
41,0.9840181469917297,0.8839475512504578,0.0625072792172432,5e-07,0.981148898601532,0.8791034817695618,0.06476534157991409
42,0.9839252829551697,0.8832727670669556,0.06294307857751846,5e-08,0.9828553199768066,0.8829876780509949,0.06261104345321655
43,0.9839917421340942,0.8843207955360413,0.062249328941106796,5e-08,0.9817211627960205,0.8824173808097839,0.0627933144569397
44,0.983982264995575,0.883106529712677,0.06306511163711548,5e-08,0.9822728037834167,0.879716157913208,0.06449952721595764
45,0.9839696288108826,0.8826296329498291,0.06340593844652176,5e-08,0.9824727177619934,0.8813362717628479,0.063494011759758
46,0.984017550945282,0.8842267990112305,0.0622640959918499,5e-08,0.9819478988647461,0.8853159546852112,0.06118283048272133
47,0.9838141798973083,0.8823273777961731,0.0634012222290039,5e-08,0.9822298288345337,0.8770147562026978,0.06614010781049728
48,0.9840457439422607,0.8836570382118225,0.06272485852241516,5e-08,0.982256293296814,0.8803821802139282,0.06403090059757233
49,0.9839447140693665,0.8833401799201965,0.06299525499343872,5e-08,0.9813280701637268,0.8823750019073486,0.06283081322908401
50,0.9840201139450073,0.8838527202606201,0.06265033781528473,5e-08,0.9825683832168579,0.882872998714447,0.06257455796003342
51,0.9841631650924683,0.8846412897109985,0.062084656208753586,5e-08,0.9819632172584534,0.8804888725280762,0.064139224588871
52,0.9840888381004333,0.8848128914833069,0.06201734393835068,5e-09,0.9828717708587646,0.8832576274871826,0.06232428550720215
53,0.9838367104530334,0.8828166127204895,0.06326224654912949,5e-09,0.982250988483429,0.8829569220542908,0.06249751150608063
54,0.9840043783187866,0.884120762348175,0.06237156316637993,5e-09,0.981903076171875,0.8815025687217712,0.06345972418785095
55,0.9840516448020935,0.8837071657180786,0.06271219253540039,5e-09,0.9822953343391418,0.8807666897773743,0.0636836364865303
56,0.9840975999832153,0.8850908279418945,0.061765845865011215,5e-09,0.9818384051322937,0.8791836500167847,0.06483520567417145
