epoch,accuracy,jaccard_coef,loss,lr,val_accuracy,val_jaccard_coef,val_loss
0,0.9161434769630432,0.5724270939826965,0.28503546118736267,1e-04,0.9562494158744812,0.7335411310195923,0.15446878969669342
1,0.9652954339981079,0.7571743726730347,0.14068883657455444,1e-04,0.9741023182868958,0.8244442343711853,0.09683684259653091
2,0.9712969064712524,0.7955739498138428,0.115955650806427,1e-04,0.9739791750907898,0.8282968997955322,0.09437167644500732
3,0.9744141697883606,0.8193979859352112,0.10137534141540527,1e-04,0.9752072095870972,0.8313398957252502,0.09256204962730408
4,0.9769760370254517,0.8345685005187988,0.0920698419213295,1e-04,0.9796639084815979,0.8649141788482666,0.07270698249340057
5,0.9771469831466675,0.8382385969161987,0.08991440385580063,1e-04,0.9762976765632629,0.8440667390823364,0.08497883379459381
6,0.9778996706008911,0.8418463468551636,0.08737191557884216,1e-04,0.9766913056373596,0.8510429859161377,0.0808526799082756
7,0.9793736338615417,0.8523857593536377,0.08148839324712753,1e-04,0.9738060832023621,0.8301142454147339,0.09343138337135315
8,0.9789667129516602,0.8510128855705261,0.0822252705693245,1e-04,0.976650059223175,0.8521704077720642,0.0800611600279808
9,0.9807463884353638,0.8631953001022339,0.07486092299222946,1e-04,0.9803221225738525,0.873155951499939,0.06798207759857178
10,0.9803824424743652,0.861066997051239,0.07633010298013687,1e-04,0.9804987907409668,0.8709110021591187,0.0694187730550766
11,0.981078565120697,0.8660643100738525,0.07316456735134125,1e-04,0.9818493723869324,0.8774994611740112,0.06564570218324661
12,0.9805293083190918,0.8626822829246521,0.07501167058944702,1e-04,0.9800065755844116,0.8684669733047485,0.0706736370921135
13,0.9816540479660034,0.8694980144500732,0.07120286673307419,1e-04,0.9813489317893982,0.8776587247848511,0.06541169434785843
14,0.982102632522583,0.8719522953033447,0.0697084441781044,1e-04,0.9814794659614563,0.8769711256027222,0.06580223888158798
15,0.9821744561195374,0.8722240924835205,0.0696120634675026,1e-04,0.9814230799674988,0.8760824799537659,0.06644485145807266
16,0.982033371925354,0.8713010549545288,0.06979882717132568,1e-04,0.9813539385795593,0.8781248331069946,0.06522184610366821
17,0.9813587665557861,0.8660468459129333,0.07351324707269669,1e-04,0.9819391369819641,0.880228579044342,0.06388134509325027
18,0.9821229577064514,0.8712842464447021,0.0703357607126236,1e-04,0.9815880656242371,0.8783379793167114,0.06507698446512222
19,0.982517421245575,0.8753635883331299,0.06797086447477341,1e-04,0.981235921382904,0.8801171779632568,0.06401102244853973
20,0.9824079871177673,0.8747162222862244,0.06805060058832169,1e-04,0.98089998960495,0.8739467859268188,0.06758280098438263
21,0.9820607900619507,0.8729918599128723,0.06932496279478073,1e-04,0.9816329479217529,0.8758461475372314,0.06651706248521805
22,0.9831324815750122,0.8782156705856323,0.06608013063669205,1e-04,0.9816809892654419,0.8804894089698792,0.06405552476644516
23,0.9840395450592041,0.8844539523124695,0.06214221194386482,1e-05,0.9825840592384338,0.8848965167999268,0.06124463304877281
24,0.9839694499969482,0.8855993747711182,0.061770714819431305,1e-05,0.981850266456604,0.8809630870819092,0.06370606273412704
25,0.9842180609703064,0.885867178440094,0.06155877560377121,1e-05,0.9829026460647583,0.886766791343689,0.0602506548166275
26,0.9841832518577576,0.8852751851081848,0.0621819943189621,1e-05,0.9822893142700195,0.8825876712799072,0.06264889985322952
27,0.9838617444038391,0.8856918215751648,0.06207708269357681,1e-05,0.9824635982513428,0.8872528076171875,0.05999777838587761
28,0.9842408895492554,0.8870578408241272,0.06116117537021637,1e-05,0.9819431900978088,0.8829911351203918,0.06249643489718437
29,0.9842362403869629,0.8860228657722473,0.06197667866945267,1e-05,0.9832097887992859,0.8869662880897522,0.06007776036858559
30,0.9842133522033691,0.8861111998558044,0.06163258105516434,1e-05,0.9821426868438721,0.8850767612457275,0.061226293444633484
31,0.9843154549598694,0.8874651193618774,0.060756489634513855,1e-05,0.9833126068115234,0.8859521150588989,0.06070563197135925
32,0.9843603372573853,0.8876397013664246,0.060603830963373184,1e-05,0.9822712540626526,0.88234543800354,0.06282224506139755
33,0.9842931628227234,0.885985791683197,0.06180431321263313,1e-06,0.9824857711791992,0.8854028582572937,0.06098497658967972
34,0.984671413898468,0.8902648687362671,0.05920405685901642,1e-06,0.9823639988899231,0.8828200697898865,0.06288544088602066
35,0.9844222068786621,0.8866446018218994,0.06086115539073944,1e-06,0.9826256632804871,0.8862733840942383,0.060471873730421066
36,0.9847908020019531,0.8905800580978394,0.059132251888513565,1e-06,0.9836857318878174,0.8896939754486084,0.05855030193924904
37,0.984578013420105,0.8886575102806091,0.05995187535881996,1e-06,0.9823657274246216,0.8842774629592896,0.06173050031065941
38,0.9846421480178833,0.8899649381637573,0.059242382645606995,1e-06,0.982897937297821,0.8866577744483948,0.0603163056075573
39,0.9845681190490723,0.8869742155075073,0.06112080439925194,1e-06,0.9829496145248413,0.8869802951812744,0.06023288145661354
40,0.9850324988365173,0.8898640871047974,0.05944792181253433,1e-06,0.9827702045440674,0.8837975859642029,0.062036026269197464
41,0.9847252368927002,0.8902307152748108,0.059171926230192184,1e-06,0.9825360774993896,0.8864617347717285,0.06047675758600235
42,0.9851057529449463,0.890961766242981,0.05855021998286247,1e-07,0.9828875064849854,0.8846033215522766,0.06151867285370827
43,0.9847924113273621,0.8894999027252197,0.05973038077354431,1e-07,0.9825929403305054,0.8864545822143555,0.06041838601231575
44,0.9844062924385071,0.8889431357383728,0.05985376238822937,1e-07,0.982944667339325,0.8847848773002625,0.06141408905386925
45,0.9846805334091187,0.889177143573761,0.059792231768369675,1e-07,0.9830703735351562,0.8880102634429932,0.05950889736413956
46,0.9848442673683167,0.8896583914756775,0.05950184911489487,1e-07,0.9826962947845459,0.8866143226623535,0.06038437783718109
