epoch,accuracy,jaccard_coef,loss,lr,val_accuracy,val_jaccard_coef,val_loss
0,0.9047558307647705,0.5622208714485168,0.30145126581192017,1e-04,0.925538957118988,0.6002975106239319,0.2534889876842499
1,0.9683336615562439,0.7680349349975586,0.1332682967185974,1e-04,0.9581862092018127,0.7191900014877319,0.16447538137435913
2,0.9715808033943176,0.7957220077514648,0.11564133316278458,1e-04,0.9293744564056396,0.6063569784164429,0.24931831657886505
3,0.974841833114624,0.8206345438957214,0.10049093514680862,1e-04,0.9312947392463684,0.5401372313499451,0.30205994844436646
4,0.9764947295188904,0.8304804563522339,0.09452009201049805,1e-04,0.9562667012214661,0.7281599640846252,0.1582440435886383
5,0.977256715297699,0.8389043807983398,0.08919841051101685,1e-04,0.970990002155304,0.8154700994491577,0.10211190581321716
6,0.9792253971099854,0.8500062227249146,0.08239391446113586,1e-04,0.9670956134796143,0.7823052406311035,0.12319544702768326
7,0.9801962971687317,0.8585473299026489,0.07789285480976105,1e-04,0.9345026612281799,0.5460116863250732,0.2992459237575531
8,0.9796464443206787,0.8562718629837036,0.07894816249608994,1e-04,0.9659059047698975,0.7776814699172974,0.12623928487300873
9,0.9805972576141357,0.8621429204940796,0.07556308805942535,1e-04,0.9611063599586487,0.7409404516220093,0.15041719377040863
10,0.980859637260437,0.8645236492156982,0.07425809651613235,1e-04,0.934991717338562,0.6720932722091675,0.20144681632518768
11,0.9815636277198792,0.8685777187347412,0.07176347076892853,1e-05,0.9807170629501343,0.8708085417747498,0.06947272270917892
12,0.9825654029846191,0.8759064078330994,0.0673157200217247,1e-05,0.9812031388282776,0.8759331703186035,0.06643351912498474
13,0.9827296733856201,0.8766133785247803,0.06713099777698517,1e-05,0.9810683727264404,0.8756492137908936,0.06657227128744125
14,0.9827036261558533,0.8760421276092529,0.0673217698931694,1e-05,0.9817671775817871,0.8783159852027893,0.06507696211338043
15,0.9829047322273254,0.8766962289810181,0.06673815101385117,1e-05,0.9812532663345337,0.8734598159790039,0.06806038320064545
16,0.9828779697418213,0.8776049613952637,0.06649665534496307,1e-05,0.9815225601196289,0.8783965706825256,0.065068319439888
17,0.9832523465156555,0.8793032169342041,0.06550581753253937,1e-05,0.9811848402023315,0.8773844838142395,0.06552484631538391
18,0.9833188056945801,0.8793564438819885,0.06558651477098465,1e-05,0.9822393655776978,0.8819226622581482,0.06302730739116669
19,0.9833885431289673,0.8811711668968201,0.06436421722173691,1e-05,0.9813187718391418,0.8800330758094788,0.06405366212129593
20,0.9832779169082642,0.880628764629364,0.06463254243135452,1e-05,0.9828433394432068,0.8842118382453918,0.06176547706127167
21,0.9831134080886841,0.8794508576393127,0.06549055129289627,1e-05,0.9821742177009583,0.8791226744651794,0.06472454965114594
22,0.9836503267288208,0.8812265396118164,0.06409500539302826,1e-05,0.9805896878242493,0.8723690509796143,0.06876303255558014
23,0.9835895895957947,0.8814778923988342,0.06423410028219223,1e-05,0.9815215468406677,0.8786216974258423,0.0647943913936615
24,0.9834213852882385,0.8819226026535034,0.06392902135848999,1e-05,0.981712818145752,0.8795090317726135,0.06452840566635132
25,0.9835889339447021,0.8817205429077148,0.06393631547689438,1e-05,0.9827698469161987,0.8856253027915955,0.060882873833179474
26,0.9836879968643188,0.8818679451942444,0.06391755491495132,1e-05,0.9819039702415466,0.8797720670700073,0.06425634771585464
27,0.9832779765129089,0.8817152380943298,0.06426310539245605,1e-05,0.9826733469963074,0.8885438442230225,0.05927788466215134
28,0.9836152791976929,0.8827894926071167,0.06374001502990723,1e-05,0.9817096590995789,0.8807522058486938,0.06374955177307129
29,0.9837180972099304,0.8821583986282349,0.06405023485422134,1e-05,0.9836399555206299,0.8887765407562256,0.05908669903874397
30,0.9836372137069702,0.88228839635849,0.0639854222536087,1e-05,0.9824151992797852,0.8860161900520325,0.06069159507751465
31,0.983593225479126,0.8828872442245483,0.06353910267353058,1e-05,0.9825667142868042,0.8812103271484375,0.06340677291154861
32,0.9838705062866211,0.8842427134513855,0.06247662752866745,1e-05,0.9821590185165405,0.8810831308364868,0.06354175508022308
33,0.9835783839225769,0.88116455078125,0.06468195468187332,1e-05,0.9821840524673462,0.8823351263999939,0.06273197382688522
34,0.9840328097343445,0.8858680129051208,0.06168751046061516,1e-05,0.9818177819252014,0.8793205618858337,0.06488004326820374
35,0.9836521744728088,0.881944477558136,0.06360936909914017,1e-06,0.9826458096504211,0.8856441378593445,0.06091183051466942
36,0.9841511249542236,0.8861619234085083,0.06162268668413162,1e-06,0.9835247993469238,0.8881270289421082,0.0594266913831234
37,0.9840092062950134,0.884971022605896,0.06202053278684616,1e-06,0.9821711182594299,0.8835152983665466,0.06219300255179405
38,0.9839751720428467,0.8854522705078125,0.06202191859483719,1e-06,0.9826841354370117,0.8849243521690369,0.061303913593292236
39,0.9840672612190247,0.8837491869926453,0.06280071288347244,1e-06,0.9826192259788513,0.8852598071098328,0.061228811740875244
