epoch,accuracy,jaccard_coef,loss,lr,val_accuracy,val_jaccard_coef,val_loss
0,0.9238720536231995,0.5983136892318726,0.26788198947906494,1e-04,0.8596030473709106,0.42640337347984314,0.4046684205532074
1,0.9719590544700623,0.7870104908943176,0.1211630180478096,1e-04,0.9419350028038025,0.5965626239776611,0.2566917836666107
2,0.9739100933074951,0.8087610602378845,0.1075725182890892,1e-04,0.9588692784309387,0.7566450834274292,0.13971009850502014
3,0.9770698547363281,0.8348950147628784,0.09226502478122711,1e-04,0.9108639359474182,0.38153761625289917,0.45539024472236633
4,0.9794610142707825,0.8495567440986633,0.08302532136440277,1e-04,0.9764279127120972,0.846894383430481,0.08327849209308624
5,0.9798396229743958,0.8558887243270874,0.07922417670488358,1e-04,0.963294506072998,0.7566311359405518,0.1404893547296524
6,0.9800570011138916,0.8557502031326294,0.07903101295232773,1e-04,0.9628721475601196,0.7739059925079346,0.1281816065311432
7,0.980445146560669,0.8603758215904236,0.07678857445716858,1e-04,0.9688101410865784,0.7885593771934509,0.11985895782709122
8,0.9812102317810059,0.8666706085205078,0.07275868207216263,1e-04,0.9775723218917847,0.855111837387085,0.07852890342473984
9,0.9810881018638611,0.86543869972229,0.0735836923122406,1e-04,0.9786230325698853,0.863731861114502,0.07343728840351105
10,0.9814804792404175,0.8689616322517395,0.07168464362621307,1e-04,0.9806838631629944,0.8704034686088562,0.06968884915113449
11,0.9814631342887878,0.8675875067710876,0.07209175825119019,1e-04,0.9650828242301941,0.7903624176979065,0.1180538535118103
12,0.9822109341621399,0.8739622831344604,0.06820715218782425,1e-04,0.9766274690628052,0.8444339632987976,0.08476876467466354
13,0.9804303646087646,0.8617133498191833,0.07599969953298569,1e-04,0.9813305735588074,0.8770420551300049,0.0658055990934372
14,0.9820598363876343,0.8722398281097412,0.06959225237369537,1e-04,0.9299138188362122,0.6037620306015015,0.2520322799682617
15,0.9818358421325684,0.8699852228164673,0.07081760466098785,1e-04,0.9790234565734863,0.8620409965515137,0.0745980516076088
16,0.9824290871620178,0.8750009536743164,0.0680234357714653,1e-04,0.9417074918746948,0.6262249946594238,0.23545320332050323
17,0.9819309115409851,0.8706575036048889,0.07067833840847015,1e-04,0.9810904860496521,0.8742578029632568,0.06728557497262955
18,0.9834792613983154,0.8804284930229187,0.06500151753425598,1e-04,0.9810581803321838,0.8751413226127625,0.06693475693464279
19,0.9839708209037781,0.8855167627334595,0.06190335378050804,1e-05,0.9819360375404358,0.8839972615242004,0.061798274517059326
20,0.9840680956840515,0.8863479495048523,0.0614440031349659,1e-05,0.9809871315956116,0.8749876618385315,0.06700680404901505
21,0.9839209318161011,0.8852376937866211,0.0622163861989975,1e-05,0.983122706413269,0.8850831389427185,0.06136901676654816
22,0.9845022559165955,0.8872618079185486,0.06087425351142883,1e-05,0.9818575978279114,0.8813225030899048,0.06362726539373398
23,0.9844759702682495,0.8877556920051575,0.060585808008909225,1e-05,0.9830551147460938,0.8877501487731934,0.05963838845491409
24,0.984416127204895,0.8884249329566956,0.059945013374090195,1e-05,0.9825844764709473,0.8854959011077881,0.06117763742804527
25,0.9844122529029846,0.8875923156738281,0.0607975572347641,1e-05,0.9832350015640259,0.8889496326446533,0.05901657044887543
26,0.9844977855682373,0.8879512548446655,0.06061716377735138,1e-05,0.9826058149337769,0.8846224546432495,0.061491724103689194
27,0.984197199344635,0.8881624341011047,0.060562461614608765,1e-05,0.9827620983123779,0.8897206783294678,0.058637309819459915
28,0.9844326376914978,0.8885639309883118,0.06049136072397232,1e-05,0.9820984601974487,0.8836908340454102,0.06210003048181534
29,0.9846872091293335,0.8886375427246094,0.06040407717227936,1e-05,0.9838375449180603,0.8912624716758728,0.05769192427396774
30,0.9846991896629333,0.889738917350769,0.059682171791791916,1e-05,0.9813878536224365,0.8807936906814575,0.06364604085683823
31,0.9845761656761169,0.8894709944725037,0.05966902896761894,1e-05,0.9834231734275818,0.8868330717086792,0.060229506343603134
32,0.9847590923309326,0.8904438018798828,0.0591936819255352,1e-05,0.9827373027801514,0.8851198554039001,0.06126537546515465
33,0.9845798015594482,0.8877348899841309,0.06078614294528961,1e-05,0.9824429750442505,0.8852150440216064,0.06113328039646149
34,0.9850798845291138,0.8928921222686768,0.05765114724636078,1e-05,0.9822855591773987,0.882679283618927,0.06301294267177582
35,0.9846871495246887,0.8889819979667664,0.05950668826699257,1e-06,0.9831967949867249,0.8895171284675598,0.05872505530714989
36,0.9850548505783081,0.8925288319587708,0.058002278208732605,1e-06,0.9839665293693542,0.8911805748939514,0.05771894380450249
37,0.9848763942718506,0.8913542628288269,0.05849669873714447,1e-06,0.9826310276985168,0.8863644003868103,0.0605902336537838
38,0.9848466515541077,0.8916374444961548,0.05859370157122612,1e-06,0.9832649827003479,0.88864666223526,0.05921654403209686
39,0.9849948287010193,0.8903432488441467,0.05897228419780731,1e-06,0.9829716682434082,0.8876898884773254,0.0598701573908329
