epoch,accuracy,jaccard_coef,loss,lr,val_accuracy,val_jaccard_coef,val_loss
0,0.9449928998947144,0.6646769642829895,0.2180730104446411,1e-04,0.971118152141571,0.8138112425804138,0.1035756766796112
1,0.9749893546104431,0.8129297494888306,0.10786890983581543,1e-04,0.9515634179115295,0.7313005328178406,0.15831144154071808
2,0.9778489470481873,0.8364155292510986,0.09314117580652237,1e-04,0.9765660166740417,0.8456794023513794,0.08421613276004791
3,0.9784374833106995,0.844542920589447,0.08784131705760956,1e-04,0.9789670705795288,0.8598714470863342,0.07621331512928009
4,0.9808342456817627,0.8568336367607117,0.08136092871427536,1e-04,0.9800653457641602,0.8666903972625732,0.073630690574646
5,0.9807807207107544,0.8601123094558716,0.07802081108093262,1e-04,0.9796351790428162,0.8629471063613892,0.07497036457061768
6,0.9813904166221619,0.866880476474762,0.07353942096233368,1e-04,0.9799467921257019,0.8639956116676331,0.07571874558925629
7,0.9825690388679504,0.8737065196037292,0.06951667368412018,1e-04,0.9715620875358582,0.8211720585823059,0.10113945603370667
8,0.9820985794067383,0.8686559200286865,0.07269500941038132,1e-04,0.9821434617042542,0.8767602443695068,0.06675010919570923
9,0.9827256798744202,0.8741675019264221,0.06981009989976883,1e-04,0.9829033017158508,0.8838423490524292,0.06242522597312927
10,0.9832780957221985,0.8775400519371033,0.06732630729675293,1e-04,0.978966474533081,0.8619414567947388,0.07508931308984756
11,0.9830816388130188,0.876741886138916,0.06856579333543777,1e-04,0.9774876832962036,0.8541874885559082,0.07976707071065903
12,0.982421875,0.871080756187439,0.07157260179519653,1e-04,0.9824058413505554,0.8808705806732178,0.0640835240483284
13,0.9834316968917847,0.8803128600120544,0.06550228595733643,1e-04,0.9834332466125488,0.8868053555488586,0.060922786593437195
14,0.9834426045417786,0.8775255680084229,0.06782189756631851,1e-04,0.983914315700531,0.890015184879303,0.058969710022211075
15,0.9839709401130676,0.8823113441467285,0.06444209814071655,1e-04,0.98354172706604,0.8870097398757935,0.060623470693826675
16,0.9839122891426086,0.8838616013526917,0.0636446475982666,1e-04,0.9830642342567444,0.8855323195457458,0.061584096401929855
17,0.9836694598197937,0.8823811411857605,0.06469006836414337,1e-04,0.977743923664093,0.8531251549720764,0.08210518956184387
18,0.9834904670715332,0.8793387413024902,0.06657285988330841,1e-04,0.9835072159767151,0.8893599510192871,0.059086959809064865
19,0.984222948551178,0.8848391175270081,0.06371033936738968,1e-04,0.9822075963020325,0.8831639289855957,0.06244872137904167
20,0.9851120710372925,0.8892675638198853,0.060586344450712204,1e-05,0.9834688305854797,0.8872870802879333,0.06057148054242134
21,0.9848299622535706,0.8906024098396301,0.05958434194326401,1e-05,0.9838277697563171,0.8903743028640747,0.05852594971656799
22,0.985207200050354,0.8892673850059509,0.0612562894821167,1e-05,0.9837379455566406,0.8919305205345154,0.05766597390174866
23,0.98514723777771,0.8914259672164917,0.05913808196783066,1e-05,0.9840969443321228,0.8890217542648315,0.05943366140127182
24,0.9852726459503174,0.8924171328544617,0.05847746133804321,1e-05,0.9839290380477905,0.8895182013511658,0.059005435556173325
25,0.9853934645652771,0.8914371728897095,0.05988166853785515,1e-05,0.9841660261154175,0.8921613693237305,0.05770641565322876
26,0.9853644371032715,0.8915600180625916,0.05964227020740509,1e-05,0.9835955500602722,0.8906685709953308,0.058488138020038605
27,0.9854231476783752,0.8927900195121765,0.058299366384744644,1e-05,0.9841822385787964,0.893018364906311,0.05714387446641922
28,0.9857982397079468,0.894790768623352,0.05721559002995491,1e-05,0.9837426543235779,0.8891539573669434,0.059742823243141174
29,0.9857376217842102,0.8955314755439758,0.05677667260169983,1e-05,0.9835721850395203,0.8909928202629089,0.05832855775952339
30,0.9853449463844299,0.892298698425293,0.05910492315888405,1e-05,0.9847134351730347,0.8950362801551819,0.05596113204956055
31,0.9855318069458008,0.8947063088417053,0.05713944509625435,1e-05,0.9838724732398987,0.8920827507972717,0.057779841125011444
32,0.9854900240898132,0.8931668996810913,0.05808691680431366,1e-05,0.9842876195907593,0.8870651721954346,0.06248035281896591
33,0.9854729771614075,0.8947548866271973,0.057250358164310455,1e-05,0.9838390946388245,0.8918101787567139,0.05785515159368515
34,0.9856283068656921,0.8937023878097534,0.05777982994914055,1e-05,0.984129786491394,0.8930812478065491,0.05715572088956833
35,0.9856648445129395,0.8943893909454346,0.057596899569034576,1e-05,0.9834824204444885,0.891106367111206,0.05853765457868576
36,0.9858231544494629,0.8932705521583557,0.05847061797976494,1e-06,0.9838305711746216,0.8898575305938721,0.05908729135990143
37,0.9856688976287842,0.8957529067993164,0.0566195547580719,1e-06,0.9834780097007751,0.8910576105117798,0.058544307947158813
38,0.9856270551681519,0.8944852948188782,0.057229019701480865,1e-06,0.9833353161811829,0.8887565732002258,0.06006110459566116
39,0.9857549071311951,0.8941047191619873,0.058402806520462036,1e-06,0.9833687543869019,0.8891074061393738,0.05999952554702759
40,0.9858750104904175,0.8945726156234741,0.05769367888569832,1e-06,0.9828052520751953,0.8874979615211487,0.06125549226999283
