epoch,accuracy,jaccard_coef,loss,lr,val_accuracy,val_jaccard_coef,val_loss
0,0.9019847512245178,0.5483902096748352,0.30873778462409973,1e-04,0.9201786518096924,0.45536166429519653,0.37798216938972473
1,0.9678100943565369,0.7700987458229065,0.13190358877182007,1e-04,0.9650364518165588,0.7747406363487244,0.12819728255271912
2,0.9711316227912903,0.7949569225311279,0.11624486744403839,1e-04,0.9618293642997742,0.7721819877624512,0.13021793961524963
3,0.974436342716217,0.8181423544883728,0.10211610794067383,1e-04,0.9735916256904602,0.8275465369224548,0.09495602548122406
4,0.9774608612060547,0.8372105956077576,0.09031341969966888,1e-04,0.9764297008514404,0.8407420516014099,0.08684630692005157
5,0.9790082573890686,0.8493350744247437,0.08270315825939178,1e-04,0.9778224229812622,0.8515583276748657,0.08051571995019913
6,0.9793233275413513,0.8506765365600586,0.08143950253725052,1e-04,0.976372241973877,0.8488202095031738,0.08213440328836441
7,0.9807021021842957,0.8609901070594788,0.07581440359354019,1e-04,0.979217529296875,0.8618327975273132,0.07472572475671768
8,0.9806149005889893,0.8612174987792969,0.07539110630750656,1e-04,0.9777072072029114,0.8570986986160278,0.07725243270397186
9,0.9810731410980225,0.8649988174438477,0.07370220124721527,1e-04,0.9794846177101135,0.8662363290786743,0.07213173061609268
10,0.9812235832214355,0.8656277060508728,0.07309644669294357,1e-04,0.9694591760635376,0.7942869067192078,0.11520585417747498
11,0.9809250235557556,0.8647661209106445,0.07404214888811111,1e-04,0.9780043363571167,0.8564504981040955,0.07780251652002335
12,0.9816585183143616,0.8700408339500427,0.07043034583330154,1e-04,0.9812847375869751,0.8762184977531433,0.06621643155813217
13,0.9820865988731384,0.871927797794342,0.06960897892713547,1e-04,0.9805846214294434,0.8726226687431335,0.06828780472278595
14,0.9822104573249817,0.8726921677589417,0.06903677433729172,1e-04,0.9802813529968262,0.8695235252380371,0.07010432332754135
15,0.9821841716766357,0.8716689944267273,0.06940990686416626,1e-04,0.9738771319389343,0.8334961533546448,0.09166264533996582
16,0.9826815724372864,0.8753454089164734,0.0673568844795227,1e-04,0.9814637899398804,0.8779761791229248,0.06530287861824036
17,0.9831099510192871,0.8781037330627441,0.06579454988241196,1e-04,0.9815132021903992,0.8789815306663513,0.06459067016839981
18,0.9828618764877319,0.876630961894989,0.06660885363817215,1e-04,0.9728816747665405,0.8312042951583862,0.09307011216878891
19,0.9828853011131287,0.8779323101043701,0.06607688218355179,1e-04,0.9815138578414917,0.8800756335258484,0.06404102593660355
20,0.9828112721443176,0.8769069910049438,0.06655918806791306,1e-04,0.9821088910102844,0.8808753490447998,0.06364146620035172
21,0.9830976724624634,0.8796161413192749,0.06547269225120544,1e-04,0.9821271896362305,0.8786745667457581,0.06498140096664429
22,0.9833447337150574,0.8799387216567993,0.06477204710245132,1e-04,0.9719177484512329,0.8316795825958252,0.09414764493703842
23,0.983708381652832,0.8823041319847107,0.06335177272558212,1e-04,0.9829038977622986,0.8864288926124573,0.06038817763328552
24,0.9837453365325928,0.8833770751953125,0.06271432340145111,1e-04,0.9821227192878723,0.8818305730819702,0.06324945390224457
25,0.9836227297782898,0.8821326494216919,0.06354032456874847,1e-04,0.9822861552238464,0.8811951279640198,0.06336410343647003
26,0.9832584261894226,0.8792732954025269,0.06548744440078735,1e-04,0.9682639241218567,0.8082568645477295,0.10726205259561539
27,0.9834674596786499,0.8820035457611084,0.06366170197725296,1e-04,0.9823669195175171,0.8873766660690308,0.059891846030950546
28,0.9837679266929626,0.8837785720825195,0.06285238265991211,1e-04,0.9819775223731995,0.8832201361656189,0.062359847128391266
29,0.9840254187583923,0.8832805752754211,0.06321321427822113,1e-04,0.9836270213127136,0.8891074657440186,0.05888053774833679
30,0.9842365980148315,0.8861691355705261,0.06132442131638527,1e-04,0.9816604256629944,0.8821948766708374,0.06288104504346848
31,0.9839494824409485,0.8850615620613098,0.06196698546409607,1e-04,0.9839373230934143,0.8890636563301086,0.05895707756280899
32,0.9840472340583801,0.885138213634491,0.061819057911634445,1e-04,0.9827479124069214,0.8853095769882202,0.0611380860209465
33,0.9842435717582703,0.8853374719619751,0.06193327158689499,1e-04,0.9832420349121094,0.888623833656311,0.05918310582637787
34,0.9846921563148499,0.8903217315673828,0.059130165725946426,1e-04,0.9812497496604919,0.876623272895813,0.06634443253278732
35,0.9844209551811218,0.8872050642967224,0.06046153977513313,1e-05,0.9837340712547302,0.8925725817680359,0.0569281168282032
36,0.9849591255187988,0.8916076421737671,0.05847609415650368,1e-05,0.9843829870223999,0.8938656449317932,0.05620782449841499
37,0.9849159121513367,0.8910817503929138,0.05843023583292961,1e-05,0.982955813407898,0.8881685733795166,0.05949965491890907
38,0.984908938407898,0.8916826844215393,0.05832676216959953,1e-05,0.9835305213928223,0.8904290795326233,0.05820191279053688
39,0.9851046204566956,0.890892505645752,0.0585978664457798,1e-05,0.9830405116081238,0.8880530595779419,0.05964506417512894
40,0.9853259921073914,0.892375648021698,0.057699672877788544,1e-05,0.9834755063056946,0.8878995180130005,0.059719644486904144
41,0.9852639436721802,0.8936705589294434,0.056823428720235825,1e-05,0.9834341406822205,0.8921123743057251,0.05724789574742317
42,0.9854608178138733,0.8939374685287476,0.05701243504881859,1e-06,0.9836857914924622,0.8897803425788879,0.05859215930104256
43,0.9854792356491089,0.8938687443733215,0.05686236172914505,1e-06,0.9835531115531921,0.8923088312149048,0.057083189487457275
44,0.9849462509155273,0.8922065496444702,0.05765044689178467,1e-06,0.9836770296096802,0.8893861770629883,0.05880061909556389
45,0.9852734208106995,0.8927733898162842,0.057366859167814255,1e-06,0.9837564826011658,0.892328143119812,0.057078976184129715
46,0.9853640794754028,0.8930381536483765,0.05738871172070503,1e-06,0.9835262298583984,0.891802966594696,0.05743991211056709
