epoch,accuracy,jaccard_coef,loss,lr,val_accuracy,val_jaccard_coef,val_loss
0,0.7574300765991211,0.28510499000549316,0.7148949503898621,1e-05,0.8864344358444214,0.43687281012535095,0.5631271004676819
1,0.9042739868164062,0.4153638184070587,0.5845648050308228,1e-05,0.9242945909500122,0.4818824231624603,0.5181174278259277
2,0.9256671667098999,0.4541463851928711,0.545841634273529,1e-05,0.9349164962768555,0.5076596140861511,0.49234044551849365
3,0.940025269985199,0.49116548895835876,0.5087977051734924,1e-05,0.9249771237373352,0.5148229598999023,0.4851769208908081
4,0.9478326439857483,0.5325446128845215,0.46751055121421814,1e-05,0.9524071216583252,0.6132562160491943,0.3867436945438385
5,0.9563624262809753,0.5775642991065979,0.4224725663661957,1e-05,0.9627576470375061,0.6449853181838989,0.3550146222114563
6,0.9618133306503296,0.6104809641838074,0.38950881361961365,1e-05,0.9613941311836243,0.6681551933288574,0.33184438943862915
7,0.9656001329421997,0.6384226679801941,0.3614581823348999,1e-05,0.9631996154785156,0.6836191415786743,0.3163810074329376
8,0.9690600633621216,0.6657669544219971,0.3342829644680023,1e-05,0.9423608183860779,0.6375980973243713,0.36240172386169434
9,0.9701871871948242,0.6871811747550964,0.31287115812301636,1e-05,0.9682073593139648,0.7326670289039612,0.26733317971229553
10,0.9725165367126465,0.7043210864067078,0.29571038484573364,1e-05,0.9665648341178894,0.736344039440155,0.2636556029319763
11,0.9733994007110596,0.7231417894363403,0.27686983346939087,1e-05,0.9719923734664917,0.765777587890625,0.23422223329544067
12,0.9742360711097717,0.7345505356788635,0.26547619700431824,1e-05,0.9731539487838745,0.7764942049980164,0.22350569069385529
13,0.9758386611938477,0.7549542188644409,0.2450561821460724,1e-05,0.9725660681724548,0.7834917306900024,0.21650806069374084
14,0.9763039946556091,0.7683625221252441,0.2315925806760788,1e-05,0.97357577085495,0.795461118221283,0.20453889667987823
15,0.9769722819328308,0.7751890420913696,0.22479036450386047,1e-05,0.9751119613647461,0.8068172335624695,0.1931830644607544
16,0.9774063229560852,0.7853899598121643,0.21452295780181885,1e-05,0.9722287058830261,0.8031836152076721,0.1968166083097458
17,0.9778420329093933,0.7955371737480164,0.2044868916273117,1e-05,0.9720677137374878,0.8068822026252747,0.19311773777008057
18,0.9784107804298401,0.8062769770622253,0.19373944401741028,1e-05,0.9756569266319275,0.8259835839271545,0.17401640117168427
19,0.9785560369491577,0.8108530044555664,0.18915638327598572,1e-05,0.973344624042511,0.821245551109314,0.178754523396492
20,0.9792566299438477,0.8170344829559326,0.18298345804214478,1e-05,0.9736065864562988,0.821103572845459,0.17889650166034698
21,0.9789924025535583,0.8227489590644836,0.17723725736141205,1e-05,0.9754828810691833,0.83298659324646,0.1670132875442505
22,0.9794316291809082,0.8251711130142212,0.1748255342245102,1e-05,0.9727241396903992,0.8254843354225159,0.17451544106006622
23,0.9794085621833801,0.8296440839767456,0.1701296716928482,1e-05,0.9764949679374695,0.8335016965866089,0.16649790108203888
24,0.9800378680229187,0.833035409450531,0.16699354350566864,1e-05,0.974200427532196,0.8290788531303406,0.17092140018939972
25,0.9800871014595032,0.8365069031715393,0.16350525617599487,1e-05,0.9758443832397461,0.8391932845115662,0.1608068346977234
26,0.9798815846443176,0.8375723361968994,0.16238650679588318,1e-05,0.9746856093406677,0.8374549150466919,0.16254504024982452
27,0.9802722334861755,0.8422918915748596,0.15771107375621796,1e-05,0.9759421944618225,0.8427414894104004,0.15725813806056976
28,0.9806350469589233,0.8482509255409241,0.1517394334077835,1e-05,0.9731159806251526,0.8315251469612122,0.16847434639930725
29,0.980614423751831,0.8484665155410767,0.15150195360183716,1e-05,0.9770359992980957,0.8493232131004333,0.1506769061088562
30,0.9806750416755676,0.8497584462165833,0.15017233788967133,1e-05,0.97804856300354,0.8529032468795776,0.14709705114364624
31,0.9807878136634827,0.8523370623588562,0.14766429364681244,1e-05,0.9720193147659302,0.8292216658592224,0.17077818512916565
32,0.9808652400970459,0.8520997166633606,0.1478995978832245,1e-05,0.9763440489768982,0.8419462442398071,0.15805360674858093
33,0.980889618396759,0.8544352650642395,0.14557071030139923,1e-05,0.9774455428123474,0.8508046865463257,0.14919513463974
34,0.9814593195915222,0.8554097414016724,0.144591823220253,1e-05,0.9757202863693237,0.8454309701919556,0.15456882119178772
35,0.9813356995582581,0.8572213649749756,0.1427924782037735,1e-05,0.977748453617096,0.8572396039962769,0.14276032149791718
36,0.9813672304153442,0.8567354679107666,0.14326363801956177,1e-05,0.9779137969017029,0.8541222810745239,0.14587756991386414
37,0.9814867377281189,0.8610246777534485,0.1389876902103424,1e-05,0.9776495695114136,0.8564689755439758,0.14353109896183014
38,0.9813316464424133,0.8594130873680115,0.140598326921463,1e-05,0.9776442646980286,0.8535104990005493,0.14648939669132233
39,0.9816659688949585,0.8608300685882568,0.13917282223701477,1e-05,0.9774747490882874,0.8547222018241882,0.14527757465839386
40,0.9819929599761963,0.8633052110671997,0.13670684397220612,1e-05,0.9766082167625427,0.852460503578186,0.14753979444503784
41,0.9825041890144348,0.8688896298408508,0.1311081051826477,1e-06,0.9785428643226624,0.8610445261001587,0.13895545899868011
42,0.9822489619255066,0.8668001294136047,0.13319550454616547,1e-06,0.978091299533844,0.8572142124176025,0.14278578758239746
43,0.9823327660560608,0.865889847278595,0.1341085582971573,1e-06,0.9781618714332581,0.8600707054138184,0.1399294137954712
44,0.9824965596199036,0.8652817606925964,0.13469617068767548,1e-06,0.9793463349342346,0.8640645146369934,0.1359356939792633
45,0.9824666976928711,0.8687689900398254,0.13123762607574463,1e-06,0.9779173135757446,0.8611319661140442,0.1388680785894394
46,0.9826532602310181,0.8694576621055603,0.13053742051124573,1e-06,0.9787352085113525,0.8577035665512085,0.14229626953601837
47,0.9826536178588867,0.8678207397460938,0.132189080119133,1e-06,0.9786959886550903,0.8635871410369873,0.13641312718391418
48,0.982560932636261,0.8694815039634705,0.13050292432308197,1e-06,0.9780228137969971,0.8543696999549866,0.14563050866127014
49,0.9825081825256348,0.868654727935791,0.1313418596982956,1e-06,0.9777852296829224,0.8596996665000916,0.14030037820339203
50,0.9827112555503845,0.8707805275917053,0.12922541797161102,1e-07,0.9793483018875122,0.8588377237319946,0.1411622166633606
51,0.9826964735984802,0.8688057661056519,0.13119257986545563,1e-07,0.9789432883262634,0.8609124422073364,0.13908740878105164
52,0.9827211499214172,0.8687438368797302,0.13125821948051453,1e-07,0.9780986309051514,0.8629739284515381,0.1370258629322052
53,0.9825446009635925,0.8678568005561829,0.13216052949428558,1e-07,0.9787480235099792,0.856998085975647,0.143001988530159
54,0.9826955199241638,0.8698964715003967,0.1300925314426422,1e-07,0.978990912437439,0.8603752851486206,0.1396244913339615
