epoch,accuracy,jaccard_coef,loss,lr,val_accuracy,val_jaccard_coef,val_loss
0,0.9508551359176636,0.49853605031967163,0.34932437539100647,1e-04,0.9680936932563782,0.6544862985610962,0.2118626981973648
1,0.9743158221244812,0.7098395228385925,0.17463114857673645,1e-04,0.9746677279472351,0.7785879969596863,0.12710095942020416
2,0.9766326546669006,0.7852969169616699,0.12350144982337952,1e-04,0.9729923605918884,0.8045392036437988,0.10948343575000763
3,0.9788336753845215,0.8268024921417236,0.09686434268951416,1e-04,0.9759760499000549,0.8325113654136658,0.09287016093730927
4,0.978782057762146,0.8339704275131226,0.09323649108409882,1e-04,0.9762022495269775,0.8389979600906372,0.08955275267362595
5,0.9797399044036865,0.8484212756156921,0.08371388912200928,1e-04,0.9719674587249756,0.8129249215126038,0.10500616580247879
6,0.9799104332923889,0.8518564105033875,0.08136016130447388,1e-04,0.9770416617393494,0.8456695079803467,0.08659674972295761
7,0.9806714057922363,0.858062744140625,0.07778476923704147,1e-04,0.9768483638763428,0.8469265103340149,0.08571931719779968
8,0.9806190729141235,0.8588742613792419,0.07751302421092987,1e-04,0.9782621264457703,0.8550962209701538,0.07944504916667938
9,0.9807732105255127,0.8593627214431763,0.07791907340288162,1e-04,0.9773625731468201,0.8523481488227844,0.08106352388858795
10,0.9815230369567871,0.8646631836891174,0.07404801994562149,1e-04,0.9784882664680481,0.8602616786956787,0.07609789818525314
11,0.9811922311782837,0.863325297832489,0.07575605809688568,1e-04,0.9803917407989502,0.8701103925704956,0.06998960673809052
12,0.9805164337158203,0.858758270740509,0.07800494879484177,1e-04,0.9788733124732971,0.8606566786766052,0.07636691629886627
13,0.981835126876831,0.868976354598999,0.07138438522815704,1e-04,0.9780248999595642,0.8577136993408203,0.0783270075917244
14,0.9819901585578918,0.8678515553474426,0.07256218045949936,1e-04,0.9767339825630188,0.8474478721618652,0.08432387560606003
15,0.9823700189590454,0.8704892992973328,0.07042250037193298,1e-04,0.9791619181632996,0.8642430901527405,0.0739750936627388
16,0.9824568629264832,0.8725500106811523,0.06932677328586578,1e-04,0.9774952530860901,0.8558242321014404,0.07993965595960617
17,0.9831163883209229,0.8762441873550415,0.06737064570188522,1e-05,0.9792042374610901,0.8647812008857727,0.07486549019813538
18,0.9833173751831055,0.8781740069389343,0.06614335626363754,1e-05,0.9798080921173096,0.8707166314125061,0.07074397802352905
19,0.9837785363197327,0.8795084357261658,0.06603134423494339,1e-05,0.9798682332038879,0.8714796304702759,0.06964890658855438
20,0.984062910079956,0.8803346753120422,0.06502000987529755,1e-05,0.9797919392585754,0.8705397248268127,0.07022950053215027
21,0.9838957786560059,0.8815281391143799,0.0639287605881691,1e-05,0.9804215431213379,0.8734882473945618,0.06816193461418152
22,0.9840918183326721,0.8801723718643188,0.0658896267414093,1e-05,0.9798742532730103,0.871274471282959,0.06992436200380325
23,0.9841870665550232,0.8830234408378601,0.0631946474313736,1e-05,0.9803030490875244,0.8693059086799622,0.07137513905763626
24,0.9844958782196045,0.8858425617218018,0.06142798811197281,1e-05,0.9793972969055176,0.8660610318183899,0.07357420027256012
25,0.9842424988746643,0.8837516903877258,0.06323215365409851,1e-05,0.9809572696685791,0.8752086162567139,0.06728444248437881
26,0.9842337369918823,0.881682276725769,0.06435947865247726,1e-05,0.979478657245636,0.8712661862373352,0.0701749250292778
27,0.9843634963035583,0.8851796984672546,0.0616583488881588,1e-05,0.9810616970062256,0.8742967844009399,0.06783898919820786
28,0.9847066402435303,0.8871347904205322,0.060849979519844055,1e-05,0.9797176718711853,0.8726577162742615,0.06902439892292023
29,0.9845432639122009,0.8857041597366333,0.06176704540848732,1e-05,0.9806345105171204,0.8737448453903198,0.06835321336984634
30,0.9847074151039124,0.8858382105827332,0.06165289506316185,1e-05,0.980416476726532,0.8749485611915588,0.0677143856883049
31,0.9846097230911255,0.8872154355049133,0.060494400560855865,1e-06,0.9808578491210938,0.8754348158836365,0.06691566854715347
32,0.9847097396850586,0.8869869709014893,0.060692183673381805,1e-06,0.9801906943321228,0.8696011900901794,0.07257675379514694
33,0.984662652015686,0.8867868781089783,0.06089570373296738,1e-06,0.9811234474182129,0.8774265646934509,0.06576418876647949
34,0.9848176836967468,0.8856944441795349,0.0614711232483387,1e-06,0.9803091883659363,0.8736817836761475,0.06843678653240204
35,0.9847015738487244,0.886391818523407,0.061369702219963074,1e-06,0.9808293581008911,0.8767110109329224,0.0667206272482872
36,0.9846592545509338,0.8846293091773987,0.062463339418172836,1e-06,0.9812767505645752,0.875130295753479,0.0673113763332367
37,0.9844186305999756,0.8855975866317749,0.06173167750239372,1e-06,0.9805790185928345,0.8764995336532593,0.06652123481035233
38,0.9844641089439392,0.8848466277122498,0.06222482770681381,1e-06,0.9804903864860535,0.8732679486274719,0.0686241015791893
39,0.9848122000694275,0.8853763937950134,0.06264697760343552,1e-07,0.9807327389717102,0.87525475025177,0.06755345314741135
40,0.9849085211753845,0.8868405222892761,0.061220500618219376,1e-07,0.9797531962394714,0.8715968728065491,0.07041739672422409
41,0.9848016500473022,0.8882021307945251,0.06009194254875183,1e-07,0.9809523224830627,0.8765878677368164,0.0666966512799263
42,0.9844759702682495,0.8849429488182068,0.06224386766552925,1e-07,0.9802413582801819,0.8705196976661682,0.0707111731171608
43,0.9847650527954102,0.887397050857544,0.06085258349776268,1e-07,0.9805284142494202,0.8748748898506165,0.06756570190191269
