epoch,accuracy,jaccard_coef,loss,lr,val_accuracy,val_jaccard_coef,val_loss
0,0.9265754222869873,0.511075496673584,0.34184521436691284,1e-04,0.9609154462814331,0.7081456780433655,0.17348073422908783
1,0.9707856178283691,0.7215234041213989,0.169317364692688,1e-04,0.9714712500572205,0.7851863503456116,0.12323340773582458
2,0.9750626087188721,0.7874100804328918,0.12395726889371872,1e-04,0.9741067886352539,0.8242082595825195,0.09764165431261063
3,0.9776822924613953,0.8249406218528748,0.09882330894470215,1e-04,0.9756358861923218,0.8371846675872803,0.09014160186052322
4,0.9783450961112976,0.8326285481452942,0.0951157808303833,1e-04,0.9732977151870728,0.8313187956809998,0.09416970610618591
5,0.9791514873504639,0.8455497026443481,0.08587723970413208,1e-04,0.9763681888580322,0.8445374965667725,0.08547517657279968
6,0.9799568057060242,0.8519613742828369,0.08129148185253143,1e-04,0.9773949980735779,0.8495020866394043,0.0842471718788147
7,0.9801509380340576,0.8551489114761353,0.07953877747058868,1e-04,0.9765428304672241,0.8471866250038147,0.08593964576721191
8,0.9809273481369019,0.8600341081619263,0.07667356729507446,1e-04,0.9773743748664856,0.8512324094772339,0.08158789575099945
9,0.9799088835716248,0.8537865877151489,0.08134075254201889,1e-04,0.9792423248291016,0.8621331453323364,0.07481469959020615
10,0.9812427163124084,0.8611375093460083,0.07620662450790405,1e-04,0.9782155752182007,0.8603101968765259,0.07590927928686142
11,0.9814346432685852,0.8628236651420593,0.0758943110704422,1e-04,0.9795445203781128,0.86649489402771,0.07205641269683838
12,0.9812667965888977,0.8631875514984131,0.07515713572502136,1e-04,0.9786134958267212,0.8605879545211792,0.07637248188257217
13,0.981693685054779,0.8677058815956116,0.07206957042217255,1e-04,0.9781507849693298,0.8561908602714539,0.07921984046697617
14,0.9804122447967529,0.8596640825271606,0.07836275547742844,1e-04,0.9779453873634338,0.8525695204734802,0.08041730523109436
15,0.9819705486297607,0.8676325082778931,0.07204528152942657,1e-04,0.9787700772285461,0.8611237406730652,0.07581653445959091
16,0.9821038842201233,0.8701480627059937,0.0707894116640091,1e-04,0.9778318405151367,0.8580574989318848,0.07840698957443237
17,0.9829158782958984,0.8748554587364197,0.06804940849542618,1e-05,0.9790119528770447,0.8638802766799927,0.07465039938688278
18,0.9835827946662903,0.8790404796600342,0.06532923877239227,1e-05,0.9794255495071411,0.8680534958839417,0.07229986786842346
19,0.9837340116500854,0.8792756795883179,0.06599030643701553,1e-05,0.9797453880310059,0.8702584505081177,0.07032714039087296
20,0.9840606451034546,0.880092203617096,0.06500692665576935,1e-05,0.979272723197937,0.8665370345115662,0.07257601618766785
21,0.9837639331817627,0.8804516792297363,0.0644424632191658,1e-05,0.980003833770752,0.8712630867958069,0.06947415322065353
22,0.9838493466377258,0.87782222032547,0.06737566739320755,1e-05,0.979383111000061,0.8686457872390747,0.07140745222568512
23,0.9840596318244934,0.8817076086997986,0.06387840211391449,1e-05,0.9799879789352417,0.8668847680091858,0.07274699211120605
24,0.9842672944068909,0.8840742707252502,0.06259571760892868,1e-05,0.9791641235351562,0.8646366000175476,0.07436871528625488
25,0.9840734601020813,0.8819878697395325,0.06428175419569016,1e-05,0.9805473685264587,0.8727867007255554,0.06865283846855164
26,0.9841908812522888,0.8817996382713318,0.06413785368204117,1e-05,0.9790564179420471,0.8687757849693298,0.07157047837972641
27,0.9842743277549744,0.8843270540237427,0.06210533529520035,1e-05,0.9805856347084045,0.871762216091156,0.06929317116737366
28,0.984669029712677,0.886711835861206,0.06078043580055237,1e-05,0.9794187545776367,0.8706656694412231,0.0701945498585701
29,0.9843446016311646,0.8842213153839111,0.06259651482105255,1e-05,0.9805349707603455,0.8736198544502258,0.06836050748825073
30,0.9845303297042847,0.884710431098938,0.06232249364256859,1e-05,0.9801442623138428,0.8736827969551086,0.06845411658287048
31,0.9844508767127991,0.8855289220809937,0.06149468198418617,1e-05,0.9804155230522156,0.8720778822898865,0.06905500590801239
32,0.9844263195991516,0.8846721649169922,0.062295690178871155,1e-05,0.9795775413513184,0.8663073182106018,0.07449828088283539
33,0.9844573736190796,0.8854739665985107,0.061655931174755096,1e-05,0.9808520674705505,0.8763246536254883,0.06637508422136307
34,0.9847230315208435,0.8848528265953064,0.06192714348435402,1e-05,0.9800105690956116,0.8721644878387451,0.06932728737592697
35,0.9846652746200562,0.885848343372345,0.06163885071873665,1e-05,0.9801647663116455,0.8736522197723389,0.06846946477890015
36,0.9846803545951843,0.8847510814666748,0.06235675513744354,1e-05,0.9810026288032532,0.8738884925842285,0.06803520023822784
37,0.9845350980758667,0.885479211807251,0.06180474907159805,1e-05,0.9801542162895203,0.874565064907074,0.06764649599790573
38,0.9845498204231262,0.8845977187156677,0.06242641434073448,1e-05,0.9802076816558838,0.8716917634010315,0.06954995542764664
39,0.9846917390823364,0.8841278553009033,0.06350842863321304,1e-06,0.9802460074424744,0.8730114698410034,0.06886950135231018
40,0.9849821329116821,0.8871074914932251,0.0610102079808712,1e-06,0.9793047904968262,0.8694323897361755,0.07172992080450058
41,0.9849367141723633,0.8889597654342651,0.05939914658665657,1e-06,0.9806502461433411,0.8745294809341431,0.06805914640426636
42,0.9846290349960327,0.8854687213897705,0.06177067756652832,1e-06,0.9800702929496765,0.869683027267456,0.07130149006843567
43,0.9848374724388123,0.8874020576477051,0.060910847038030624,1e-06,0.9801729321479797,0.8729760050773621,0.06869973242282867
