epoch,accuracy,jaccard_coef,loss,lr,val_accuracy,val_jaccard_coef,val_loss
0,0.9077238440513611,0.5234088897705078,0.476591557264328,1e-04,0.915444016456604,0.5870113372802734,0.4129886031150818
1,0.9443519711494446,0.6473984718322754,0.35260045528411865,1e-04,0.9323906302452087,0.6482512354850769,0.3517489433288574
2,0.951755702495575,0.6870119571685791,0.3130110800266266,1e-04,0.9476481080055237,0.6943662166595459,0.30563369393348694
3,0.9569851756095886,0.7196226119995117,0.2803577482700348,1e-04,0.9391434788703918,0.6735327839851379,0.3264675736427307
4,0.960014283657074,0.7311384081840515,0.2688853442668915,1e-04,0.9447591304779053,0.6966238021850586,0.30337610840797424
5,0.9623786211013794,0.746889591217041,0.2531329393386841,1e-04,0.9514157176017761,0.7166103720664978,0.2833898067474365
6,0.9634003639221191,0.7533078789710999,0.2466723471879959,1e-04,0.9556902050971985,0.7404089570045471,0.2595911920070648
7,0.9650024175643921,0.7635878324508667,0.23640546202659607,1e-04,0.9562673568725586,0.7391113042831421,0.26088884472846985
8,0.9662699699401855,0.7688441872596741,0.23115156590938568,1e-04,0.9329598546028137,0.6590740084648132,0.3409262001514435
9,0.9665340781211853,0.7718658447265625,0.22815531492233276,1e-04,0.9614928960800171,0.7617907524108887,0.238209068775177
10,0.968350887298584,0.7806317806243896,0.21937601268291473,1e-04,0.963192880153656,0.7717202305793762,0.22827966511249542
11,0.9687654972076416,0.7847059965133667,0.21531473100185394,1e-04,0.9622255563735962,0.7721177339553833,0.22788259387016296
12,0.9691672325134277,0.7879924774169922,0.2120235711336136,1e-04,0.9646276235580444,0.7774211168289185,0.2225789576768875
13,0.9695594906806946,0.791705310344696,0.20827805995941162,1e-04,0.9556617736816406,0.7447470426559448,0.2552529573440552
14,0.9708729386329651,0.7971899509429932,0.2027808129787445,1e-04,0.9546238780021667,0.7458487749099731,0.25415128469467163
15,0.9722448587417603,0.8057705163955688,0.1942041665315628,1e-04,0.9453924298286438,0.7205032110214233,0.27949681878089905
16,0.9722939729690552,0.8069173693656921,0.1930052936077118,1e-04,0.9577369093894958,0.7567558884620667,0.24324414134025574
17,0.9722625613212585,0.8069992065429688,0.19298961758613586,1e-04,0.9649320244789124,0.7838104367256165,0.21618975698947906
18,0.9730380773544312,0.8119702339172363,0.1880432665348053,1e-04,0.9626001119613647,0.782412052154541,0.21758787333965302
19,0.9729113578796387,0.8104679584503174,0.18953818082809448,1e-04,0.9651317000389099,0.7897819876670837,0.21021799743175507
20,0.9736250042915344,0.8128809928894043,0.18713325262069702,1e-04,0.9695103168487549,0.8084733486175537,0.1915266066789627
21,0.9740003347396851,0.8184673190116882,0.18152669072151184,1e-04,0.9678886532783508,0.8012685179710388,0.19873175024986267
22,0.9744199514389038,0.817658007144928,0.18234305083751678,1e-04,0.966081976890564,0.7963522672653198,0.203647643327713
23,0.9746348857879639,0.8213030695915222,0.17850461602210999,1e-04,0.9650490880012512,0.7857381105422974,0.21426191926002502
24,0.9752513766288757,0.8246896266937256,0.17532947659492493,1e-04,0.9682722091674805,0.8014439940452576,0.19855578243732452
25,0.9749420285224915,0.8238034844398499,0.17620833218097687,1e-04,0.9539270997047424,0.7486845254898071,0.25131547451019287
26,0.975999116897583,0.8287295699119568,0.1712610423564911,1e-05,0.9615668654441833,0.7815662026405334,0.218433678150177
27,0.9772834777832031,0.8389556407928467,0.1610475480556488,1e-05,0.9572673439979553,0.770806074142456,0.22919391095638275
28,0.9781586527824402,0.8437622785568237,0.15624116361141205,1e-05,0.962077796459198,0.7831786274909973,0.21682150661945343
29,0.9784319996833801,0.8458600640296936,0.15411265194416046,1e-05,0.9624099731445312,0.7894542813301086,0.21054533123970032
30,0.9784918427467346,0.846095860004425,0.15382826328277588,1e-05,0.9688234925270081,0.8125636577606201,0.18743617832660675
31,0.9787073135375977,0.8477894067764282,0.15220576524734497,1e-05,0.9676039218902588,0.807539165019989,0.1924605518579483
32,0.9786954522132874,0.8468382954597473,0.15316198766231537,1e-05,0.9687873721122742,0.8053258657455444,0.19467401504516602
33,0.9786571264266968,0.847912609577179,0.15209291875362396,1e-05,0.9707955718040466,0.8184373378753662,0.18156293034553528
34,0.9788814783096313,0.8466222286224365,0.15338805317878723,1e-05,0.9708606004714966,0.8193789720535278,0.1806209534406662
35,0.9790857434272766,0.8493741750717163,0.15064232051372528,1e-05,0.9703278541564941,0.8189547061920166,0.18104541301727295
36,0.9793192744255066,0.8492215275764465,0.15077310800552368,1e-05,0.968967616558075,0.8107271194458008,0.18927285075187683
37,0.9791914224624634,0.8510503172874451,0.14896374940872192,1e-05,0.9716836214065552,0.8273832201957703,0.1726166158914566
38,0.9792248606681824,0.8497328162193298,0.15027755498886108,1e-05,0.9701954126358032,0.8167394995689392,0.18326041102409363
39,0.9794571399688721,0.8513637185096741,0.14864230155944824,1e-05,0.9724167585372925,0.8261833786964417,0.17381663620471954
40,0.9797401428222656,0.8528555035591125,0.14715692400932312,1e-05,0.9684947729110718,0.812811017036438,0.18718886375427246
41,0.9796626567840576,0.8541752099990845,0.14583329856395721,1e-05,0.9701443910598755,0.8159204721450806,0.18407979607582092
42,0.9796385765075684,0.8539096117019653,0.1460885852575302,1e-05,0.9722381234169006,0.8248971700668335,0.17510290443897247
43,0.9794853925704956,0.8528454899787903,0.1471581757068634,1e-06,0.9725914001464844,0.8290349841117859,0.170965313911438
44,0.9799948930740356,0.853432834148407,0.14654654264450073,1e-06,0.9727498292922974,0.8292382955551147,0.17076177895069122
45,0.979803204536438,0.8554970026016235,0.1445128619670868,1e-06,0.9712422490119934,0.8261303305625916,0.17386960983276367
46,0.9798302054405212,0.8545615077018738,0.14543417096138,1e-06,0.9725506901741028,0.8225460648536682,0.1774541586637497
47,0.980011522769928,0.8544321656227112,0.1455834060907364,1e-06,0.9724341630935669,0.8302313685417175,0.16976884007453918
48,0.9797962307929993,0.8552500605583191,0.1447364240884781,1e-06,0.9718307852745056,0.8220013380050659,0.1779986172914505
49,0.9801010489463806,0.8563610911369324,0.1436307728290558,1e-06,0.9717600345611572,0.8244591355323792,0.17554078996181488
50,0.9797738194465637,0.8549544811248779,0.1450413465499878,1e-06,0.9730263948440552,0.8272968530654907,0.17270296812057495
51,0.979922890663147,0.8550982475280762,0.1449068784713745,1e-06,0.9731754660606384,0.8294262290000916,0.17057333886623383
52,0.9799593091011047,0.8547534346580505,0.14524468779563904,1e-06,0.9724023342132568,0.8325225114822388,0.167477548122406
53,0.9799121022224426,0.8544586896896362,0.1455577313899994,1e-06,0.972316324710846,0.8234983682632446,0.17650176584720612
54,0.9800974726676941,0.8570343255996704,0.14295673370361328,1e-06,0.9731082916259766,0.8285518288612366,0.171448215842247
55,0.9800301790237427,0.8532031774520874,0.14680378139019012,1e-06,0.9718753099441528,0.8216660618782043,0.17833420634269714
56,0.9799221754074097,0.8560273051261902,0.1439872682094574,1e-06,0.9737232327461243,0.8324583768844604,0.16754157841205597
57,0.980212926864624,0.8538263440132141,0.146176278591156,1e-06,0.97314453125,0.8271512985229492,0.17284907400608063
58,0.9796972274780273,0.8562121391296387,0.14377370476722717,1e-07,0.9719083905220032,0.819359540939331,0.18064060807228088
59,0.9801368713378906,0.8572251200675964,0.14280001819133759,1e-07,0.9723334908485413,0.8300446271896362,0.16995537281036377
60,0.9797477722167969,0.8525202870368958,0.1474991738796234,1e-07,0.9730743765830994,0.8241954445838928,0.1758047640323639
61,0.9802660346031189,0.8578970432281494,0.14211244881153107,1e-07,0.9720932841300964,0.8271507620811462,0.1728496253490448
62,0.9802640080451965,0.8549593091011047,0.14504963159561157,1e-07,0.972802996635437,0.8299634456634521,0.1700366586446762
