epoch,accuracy,jaccard_coef,loss,lr,val_accuracy,val_jaccard_coef,val_loss
0,0.8360987901687622,0.3830066919326782,0.4614345133304596,1e-05,0.846642017364502,0.4419674873352051,0.39171749353408813
1,0.9170503616333008,0.5230268836021423,0.3222002685070038,1e-05,0.8810770511627197,0.5110846757888794,0.3290158808231354
2,0.933007538318634,0.5804440379142761,0.27454230189323425,1e-05,0.9161376357078552,0.5861527323722839,0.2647174000740051
3,0.9413954019546509,0.6191102862358093,0.24150457978248596,1e-05,0.93204665184021,0.6222648024559021,0.23632895946502686
4,0.9452351927757263,0.6353827118873596,0.23053842782974243,1e-05,0.9362981915473938,0.6421511769294739,0.22192421555519104
5,0.94901442527771,0.658827543258667,0.2118118554353714,1e-05,0.9407814145088196,0.664651095867157,0.20530517399311066
6,0.9517512917518616,0.6728582978248596,0.2004649043083191,1e-05,0.9433817267417908,0.6743371486663818,0.19884397089481354
7,0.9535524845123291,0.6841282248497009,0.1925121545791626,1e-05,0.9487819075584412,0.6924258470535278,0.1860848218202591
8,0.9557623863220215,0.697266161441803,0.1829029619693756,1e-05,0.941214382648468,0.6692680716514587,0.2019028663635254
9,0.9558423161506653,0.7010998725891113,0.1809276044368744,1e-05,0.9424180388450623,0.6832448840141296,0.19176198542118073
10,0.9584419131278992,0.7122763991355896,0.17286866903305054,1e-05,0.9449676275253296,0.6849985718727112,0.19009077548980713
11,0.9589121341705322,0.7186643481254578,0.16852200031280518,1e-05,0.9501869082450867,0.7127617001533508,0.1707208901643753
12,0.9593510627746582,0.7218219041824341,0.16657857596874237,1e-05,0.9548861384391785,0.7215826511383057,0.16392162442207336
13,0.9595983624458313,0.7262962460517883,0.16227689385414124,1e-05,0.934942364692688,0.6550995111465454,0.21486736834049225
14,0.9614756107330322,0.7355038523674011,0.15724360942840576,1e-05,0.949799656867981,0.7082849740982056,0.17313355207443237
15,0.9621673226356506,0.7391354441642761,0.15414507687091827,1e-05,0.9562212824821472,0.7349581122398376,0.15515652298927307
16,0.962196946144104,0.7421000599861145,0.15151460468769073,1e-05,0.9508455395698547,0.7187631726264954,0.1668691784143448
17,0.9630577564239502,0.7479385733604431,0.14777593314647675,1e-05,0.9552522897720337,0.7335940599441528,0.15744762122631073
18,0.963538408279419,0.7513728141784668,0.14506404101848602,1e-05,0.9580836296081543,0.7442744970321655,0.14995339512825012
19,0.9639895558357239,0.7539151310920715,0.14417342841625214,1e-05,0.951251208782196,0.7215986251831055,0.16486789286136627
20,0.9649049639701843,0.7563677430152893,0.14227432012557983,1e-05,0.9566272497177124,0.727124035358429,0.1607203334569931
21,0.9650569558143616,0.7605357766151428,0.1393950879573822,1e-05,0.9540649652481079,0.7344586849212646,0.15502513945102692
22,0.965559720993042,0.7610382437705994,0.14007073640823364,1e-05,0.9574116468429565,0.7487115859985352,0.14568179845809937
23,0.9661040902137756,0.7661159634590149,0.13541732728481293,1e-05,0.9584229588508606,0.7416425943374634,0.1512182354927063
24,0.9661427736282349,0.7655054926872253,0.13640226423740387,1e-05,0.9604997038841248,0.7532983422279358,0.1438310593366623
25,0.966845691204071,0.7709623575210571,0.13303527235984802,1e-05,0.9590739607810974,0.7490118741989136,0.14605513215065002
26,0.966785728931427,0.7695708274841309,0.1339881718158722,1e-05,0.9608575105667114,0.7598282098770142,0.13921232521533966
27,0.9670659899711609,0.7725900411605835,0.1311061531305313,1e-05,0.9509707093238831,0.7212496399879456,0.16472873091697693
28,0.9681336283683777,0.7792181372642517,0.12666885554790497,1e-05,0.9594165682792664,0.7555228471755981,0.14169134199619293
29,0.9683123230934143,0.7808400392532349,0.12607261538505554,1e-05,0.9583389759063721,0.7523964643478394,0.14382192492485046
30,0.9684873819351196,0.7815588116645813,0.12570372223854065,1e-05,0.9554314613342285,0.7403289675712585,0.1523253172636032
31,0.9685640335083008,0.782573938369751,0.12453404068946838,1e-05,0.9612516164779663,0.7649918794631958,0.1350848525762558
32,0.9689530730247498,0.7840216755867004,0.12390036880970001,1e-05,0.9581300616264343,0.7410969138145447,0.15520913898944855
33,0.9689342379570007,0.7858560681343079,0.12295424193143845,1e-05,0.962591290473938,0.7698822617530823,0.13168424367904663
34,0.9697062373161316,0.7872099876403809,0.12187140434980392,1e-05,0.9607592821121216,0.7606906890869141,0.1382346898317337
35,0.9699287414550781,0.7895011901855469,0.12046138942241669,1e-05,0.9602993726730347,0.7619191408157349,0.13748590648174286
36,0.9698776602745056,0.7880303263664246,0.12162426859140396,1e-05,0.961618185043335,0.7643048763275146,0.13576219975948334
37,0.969710111618042,0.789912223815918,0.1199745461344719,1e-05,0.9630037546157837,0.7729290127754211,0.12942218780517578
38,0.9699559211730957,0.7899219989776611,0.12029305845499039,1e-05,0.9628084897994995,0.7719472050666809,0.13062702119350433
39,0.9705641865730286,0.7932365536689758,0.11896249651908875,1e-05,0.9305184483528137,0.6508152484893799,0.215898796916008
40,0.9708930253982544,0.7957005500793457,0.11622988432645798,1e-05,0.9626999497413635,0.7692441344261169,0.13299128413200378
41,0.9710798263549805,0.7989450693130493,0.11410137265920639,1e-05,0.9614667892456055,0.7623578310012817,0.13728037476539612
42,0.9713343381881714,0.8002045750617981,0.11325999349355698,1e-05,0.9605308175086975,0.7625998258590698,0.13674214482307434
43,0.9722963571548462,0.8057432174682617,0.11083690077066422,1e-06,0.9633405208587646,0.7766114473342896,0.12790851294994354
44,0.972872257232666,0.8062753677368164,0.11018029600381851,1e-06,0.9641619324684143,0.7788402438163757,0.12725239992141724
45,0.9729750752449036,0.8107174038887024,0.10671813040971756,1e-06,0.9637126326560974,0.782582700252533,0.12374718487262726
46,0.9731821417808533,0.8109239339828491,0.10686656832695007,1e-06,0.9647307991981506,0.7780059576034546,0.12733915448188782
47,0.9737517237663269,0.811888575553894,0.10582529753446579,1e-06,0.964093804359436,0.7842440605163574,0.12266890704631805
48,0.9735276103019714,0.8135729432106018,0.10478120297193527,1e-06,0.9640892148017883,0.7785463333129883,0.1283346265554428
49,0.9735377430915833,0.8131915926933289,0.10533403605222702,1e-06,0.9628587365150452,0.7768875360488892,0.1285330355167389
50,0.9732858538627625,0.8134240508079529,0.10508180409669876,1e-06,0.9653035998344421,0.7802094221115112,0.12596304714679718
51,0.9736636281013489,0.8136354088783264,0.10563795268535614,1e-06,0.9656021595001221,0.7850309610366821,0.12270405143499374
52,0.9735827445983887,0.8120648264884949,0.10632231831550598,1e-06,0.9611119627952576,0.7725799083709717,0.1306905746459961
53,0.9737786054611206,0.8140158653259277,0.10557091981172562,1e-07,0.9641789793968201,0.7746730446815491,0.13124926388263702
54,0.9737361669540405,0.8156777620315552,0.10337992012500763,1e-07,0.9641287326812744,0.7791798710823059,0.12727713584899902
55,0.9738786220550537,0.8125518560409546,0.10605831444263458,1e-07,0.9641520380973816,0.7783830165863037,0.12734586000442505
56,0.9735310673713684,0.8134715557098389,0.10494440793991089,1e-07,0.9652767181396484,0.7852028608322144,0.12217853963375092
57,0.9741395115852356,0.8131276369094849,0.10623396188020706,1e-07,0.9648223519325256,0.7819898128509521,0.12484408915042877
58,0.9736080169677734,0.8156070709228516,0.10388487577438354,1e-07,0.9642552733421326,0.7762426733970642,0.12935128808021545
59,0.974017858505249,0.8170983791351318,0.102752186357975,1e-07,0.9643328189849854,0.7855006456375122,0.12215782701969147
60,0.973577082157135,0.8123130798339844,0.10712575167417526,1e-07,0.9647100567817688,0.7782089114189148,0.1281936764717102
61,0.974157452583313,0.8174774050712585,0.10259692370891571,1e-07,0.9641870260238647,0.784128725528717,0.12303059548139572
62,0.9739474654197693,0.8120980262756348,0.10679740458726883,1e-08,0.9653189182281494,0.7874765396118164,0.12125218659639359
63,0.9736807942390442,0.8133141994476318,0.10549841821193695,1e-08,0.9651462435722351,0.778935968875885,0.12694203853607178
64,0.974048912525177,0.8143364787101746,0.10468389838933945,1e-08,0.9647512435913086,0.7846518754959106,0.12272900342941284
65,0.9738251566886902,0.812695324420929,0.1060071736574173,1e-08,0.9640783667564392,0.7832227349281311,0.12418590486049652
66,0.9737704992294312,0.8132086396217346,0.1056983694434166,1e-08,0.9640702605247498,0.7837586998939514,0.12435202300548553
67,0.9740458130836487,0.8152385950088501,0.10445626080036163,1e-08,0.9660109877586365,0.7859587669372559,0.12159545719623566
68,0.9738491773605347,0.8139289617538452,0.10510865598917007,1e-09,0.963996410369873,0.7789837718009949,0.1267441064119339
69,0.9739460945129395,0.8150372505187988,0.1040683165192604,1e-09,0.9642351865768433,0.7861699461936951,0.1216314360499382
70,0.9735704064369202,0.8117550015449524,0.10649045556783676,1e-09,0.9649699926376343,0.7830830216407776,0.12370671331882477
71,0.9742347598075867,0.8159282803535461,0.10352951288223267,1e-09,0.9658058881759644,0.7822766900062561,0.1250816285610199
72,0.973723828792572,0.8125677704811096,0.10592438280582428,1e-09,0.964401364326477,0.7838614583015442,0.12316301465034485
