epoch,accuracy,jaccard_coef,loss,lr,val_accuracy,val_jaccard_coef,val_loss
0,0.9090911149978638,0.5258914232254028,0.32286515831947327,1e-04,0.9313101172447205,0.6063792705535889,0.24843937158584595
1,0.9440205097198486,0.6455501317977905,0.22145359218120575,1e-04,0.9253658652305603,0.6330773830413818,0.2317945957183838
2,0.9509178400039673,0.6824855804443359,0.19426622986793518,1e-04,0.9323886632919312,0.643871009349823,0.22126083076000214
3,0.9564118385314941,0.7154213786125183,0.17019672691822052,1e-04,0.934526264667511,0.6584991812705994,0.20897668600082397
4,0.958746075630188,0.7235794067382812,0.16605503857135773,1e-04,0.9482097029685974,0.7069182991981506,0.1745941936969757
5,0.9614046812057495,0.741292417049408,0.15271617472171783,1e-04,0.9479053616523743,0.7066746950149536,0.1750280112028122
6,0.9630234241485596,0.7518957257270813,0.14485132694244385,1e-04,0.9432713985443115,0.7003304958343506,0.18474546074867249
7,0.9640295505523682,0.7573650479316711,0.14101557433605194,1e-04,0.9473956823348999,0.7022571563720703,0.18012601137161255
8,0.9662376046180725,0.7689313888549805,0.13361282646656036,1e-04,0.9272053241729736,0.64444500207901,0.22310137748718262
9,0.9663333892822266,0.7706694602966309,0.13337185978889465,1e-04,0.9591253995895386,0.7548386454582214,0.14265801012516022
10,0.9682409763336182,0.7797820568084717,0.1271657943725586,1e-04,0.9481392502784729,0.7131093740463257,0.17205558717250824
11,0.9681546688079834,0.7811821103096008,0.12636612355709076,1e-04,0.9621880054473877,0.7689733505249023,0.13283003866672516
12,0.968310534954071,0.7835173606872559,0.1251060515642166,1e-04,0.9646375179290771,0.7788872122764587,0.12597863376140594
13,0.9695494174957275,0.7910076379776001,0.11945068836212158,1e-04,0.9420597553253174,0.690762460231781,0.18904855847358704
14,0.9708707332611084,0.7965299487113953,0.1172422543168068,1e-04,0.9531806707382202,0.7305049300193787,0.15813517570495605
15,0.9713392853736877,0.8001067042350769,0.11379227042198181,1e-04,0.9530013203620911,0.7434969544410706,0.15378251671791077
16,0.9714493155479431,0.8019110560417175,0.11256005614995956,1e-04,0.9584376811981201,0.7627896666526794,0.14013180136680603
17,0.9717522859573364,0.8042740225791931,0.11121266335248947,1e-04,0.9609637260437012,0.7673650979995728,0.13589030504226685
18,0.9751843214035034,0.8252320885658264,0.0978197455406189,1e-05,0.9653068780899048,0.7927441000938416,0.11923954635858536
19,0.9758708477020264,0.8288060426712036,0.09660927951335907,1e-05,0.9677742719650269,0.8032081723213196,0.11119838804006577
20,0.976536750793457,0.830940306186676,0.09510152041912079,1e-05,0.9692450165748596,0.809052050113678,0.10741273313760757
21,0.9761660695075989,0.8327229022979736,0.0932973176240921,1e-05,0.9693933725357056,0.8104116916656494,0.10633087903261185
22,0.9767088890075684,0.8319309949874878,0.09484387934207916,1e-05,0.9675386548042297,0.8040037751197815,0.11100929975509644
23,0.9766669273376465,0.8347268104553223,0.09199358522891998,1e-05,0.969476580619812,0.8064839243888855,0.10979587584733963
24,0.9770969152450562,0.83660888671875,0.09112105518579483,1e-05,0.9675611257553101,0.7976251840591431,0.11625053733587265
25,0.9771986603736877,0.8377524018287659,0.09054375439882278,1e-05,0.9699108004570007,0.8102262616157532,0.10709946602582932
26,0.976961076259613,0.8346111178398132,0.09294193238019943,1e-05,0.967568576335907,0.8024246096611023,0.11350105702877045
27,0.9774463772773743,0.839545726776123,0.0889153704047203,1e-06,0.9696632623672485,0.8117476105690002,0.1067839115858078
28,0.9778124094009399,0.8416541814804077,0.08795245736837387,1e-06,0.9682655334472656,0.8057904839515686,0.11032991856336594
29,0.9778181314468384,0.8419158458709717,0.08764862269163132,1e-06,0.9686523675918579,0.8081952929496765,0.10874134302139282
30,0.977521538734436,0.8402657508850098,0.0889960452914238,1e-06,0.9692520499229431,0.8111826181411743,0.10681349784135818
31,0.9776829481124878,0.841937780380249,0.08766573667526245,1e-06,0.9694374203681946,0.8123079538345337,0.10536308586597443
32,0.977684497833252,0.8401829600334167,0.08900531381368637,1e-06,0.9693870544433594,0.8045673370361328,0.11331689357757568
33,0.9775545597076416,0.8408576846122742,0.08852826803922653,1e-06,0.969630777835846,0.8115916848182678,0.10565705597400665
34,0.9777722954750061,0.8393816947937012,0.08921495825052261,1e-06,0.9697880744934082,0.8124395608901978,0.10565759241580963
35,0.9778175950050354,0.840900182723999,0.08849964290857315,1e-06,0.96917724609375,0.8116099238395691,0.10660693049430847
36,0.9779670834541321,0.8401681184768677,0.08914806693792343,1e-06,0.9699056148529053,0.8112009763717651,0.1062522903084755
37,0.9773223400115967,0.8400419354438782,0.08900246024131775,1e-07,0.969330906867981,0.8143768310546875,0.10374420136213303
38,0.97751784324646,0.8386593461036682,0.09005452692508698,1e-07,0.96914142370224,0.8098989725112915,0.10727012902498245
39,0.9777348637580872,0.8397334814071655,0.09020498394966125,1e-07,0.9701299071311951,0.8141215443611145,0.10478322207927704
40,0.9779758453369141,0.8417422771453857,0.08804258704185486,1e-07,0.9681873917579651,0.8074589371681213,0.10931939631700516
41,0.9780849814414978,0.8440492153167725,0.08620893210172653,1e-07,0.9695075154304504,0.8099735975265503,0.10778151452541351
42,0.9777691960334778,0.8417789340019226,0.08801651746034622,1e-07,0.9696332812309265,0.8108233213424683,0.10697193443775177
43,0.977569580078125,0.840157687664032,0.08933096379041672,1e-08,0.9698529243469238,0.8135697245597839,0.10467211902141571
44,0.9779369831085205,0.8399635553359985,0.08929309993982315,1e-08,0.9699187278747559,0.8136062622070312,0.1050032451748848
45,0.9777041077613831,0.84139484167099,0.08796291053295135,1e-08,0.9687106013298035,0.8122624754905701,0.10559435188770294
46,0.977658212184906,0.8407846689224243,0.08871164172887802,1e-08,0.9699336886405945,0.8085986375808716,0.10817690938711166
47,0.9778313636779785,0.8400842547416687,0.08884504437446594,1e-08,0.9698094129562378,0.816020131111145,0.10311751067638397
48,0.9775887727737427,0.8412550091743469,0.08817318826913834,1e-08,0.9690981507301331,0.8067836165428162,0.11122098565101624
49,0.9777206778526306,0.8418757319450378,0.08777010440826416,1e-08,0.9683106541633606,0.8073647618293762,0.10988881438970566
50,0.9773944616317749,0.8403660655021667,0.08878178894519806,1e-08,0.9705231785774231,0.8126247525215149,0.1052509993314743
51,0.9777377247810364,0.8410471677780151,0.08885041624307632,1e-08,0.9702643156051636,0.8134307861328125,0.10564959049224854
52,0.9777982831001282,0.840620756149292,0.08888963609933853,1e-08,0.9690311551094055,0.8129153847694397,0.10540419816970825
53,0.9777863025665283,0.8404523730278015,0.08964407444000244,1e-09,0.969464898109436,0.8072980642318726,0.11080922186374664
54,0.9778099656105042,0.8427462577819824,0.0869898721575737,1e-09,0.9691962599754333,0.8087829351425171,0.10908247530460358
55,0.9776926636695862,0.8383217453956604,0.09043091535568237,1e-09,0.9685818552970886,0.8048098683357239,0.11172585189342499
56,0.9777323007583618,0.8421027660369873,0.08758647739887238,1e-09,0.9702964425086975,0.8143312931060791,0.10461325198411942
57,0.9780027270317078,0.8392305374145508,0.09046704322099686,1e-09,0.970203697681427,0.8119187951087952,0.10677402466535568
