epoch,accuracy,jaccard_coef,loss,lr,val_accuracy,val_jaccard_coef,val_loss
0,0.8935898542404175,0.46218129992485046,0.37894541025161743,0.001,0.8445191383361816,0.41390305757522583,0.4194057285785675
1,0.9259938597679138,0.5621636509895325,0.28724539279937744,0.001,0.8666756749153137,0.3552168309688568,0.48363080620765686
2,0.9351816177368164,0.6020396947860718,0.2551029622554779,0.001,0.9250231385231018,0.5636160373687744,0.282913476228714
3,0.9407002925872803,0.6309536099433899,0.2319803386926651,0.001,0.8877853751182556,0.4819098114967346,0.3551548719406128
4,0.9465439319610596,0.6559739112854004,0.21391801536083221,0.001,0.9394312500953674,0.6568365693092346,0.21167628467082977
5,0.9508028626441956,0.6828905940055847,0.19332103431224823,0.001,0.9054562449455261,0.5721819400787354,0.2785189151763916
6,0.9549953937530518,0.7055940628051758,0.17648307979106903,0.001,0.8896862268447876,0.5318511128425598,0.3130896985530853
7,0.9558423161506653,0.7103714942932129,0.17306499183177948,0.001,0.9485396146774292,0.7016847133636475,0.1809806525707245
8,0.95973801612854,0.7301682829856873,0.15923264622688293,0.001,0.9403535723686218,0.6762261390686035,0.1968735009431839
9,0.9597114324569702,0.7324380874633789,0.1587182730436325,0.001,0.9368769526481628,0.6271613836288452,0.2329467236995697
10,0.9625634551048279,0.7472586035728455,0.14812250435352325,0.001,0.9286590814590454,0.5835822224617004,0.26794812083244324
11,0.962202250957489,0.7457375526428223,0.1496337503194809,0.001,0.9454029202461243,0.6911044716835022,0.18604563176631927
12,0.9637404680252075,0.7561149001121521,0.1425703465938568,0.001,0.9573600888252258,0.7364147901535034,0.15441304445266724
13,0.9644995927810669,0.7613135576248169,0.13858386874198914,0.001,0.942367672920227,0.6645447611808777,0.20712491869926453
14,0.9663103818893433,0.7686752676963806,0.13491660356521606,0.001,0.9491045475006104,0.7110692858695984,0.1718168705701828
15,0.9668616056442261,0.7725825309753418,0.1311252862215042,0.001,0.946364164352417,0.6984943747520447,0.182048037648201
16,0.9682086706161499,0.7823602557182312,0.12515485286712646,0.001,0.9301328659057617,0.6585155725479126,0.21161076426506042
17,0.9684175848960876,0.7833543419837952,0.12426287680864334,0.001,0.9574923515319824,0.7503277659416199,0.14656943082809448
18,0.9691064953804016,0.7882649898529053,0.12096787989139557,0.001,0.9547751545906067,0.7447719573974609,0.151123508810997
19,0.9695499539375305,0.7902402281761169,0.12061009556055069,0.001,0.9390557408332825,0.6886312365531921,0.1892833411693573
20,0.9703223705291748,0.7919738292694092,0.11903204768896103,0.001,0.938899576663971,0.6433874368667603,0.22039265930652618
21,0.9688844680786133,0.7877895832061768,0.12136372923851013,0.001,0.9325205087661743,0.6336140036582947,0.2283036708831787
22,0.9708935022354126,0.7957712411880493,0.11734764277935028,0.001,0.9573419690132141,0.7502256035804749,0.14644654095172882
23,0.9715840220451355,0.8029814958572388,0.11159798502922058,0.001,0.9369786977767944,0.6777656674385071,0.19929775595664978
24,0.9716980457305908,0.8024631142616272,0.1123170480132103,0.001,0.9476011395454407,0.7093690037727356,0.17509731650352478
25,0.9726381897926331,0.8090270757675171,0.10826153308153152,0.001,0.9536823034286499,0.7181721925735474,0.166789710521698
26,0.9717908501625061,0.8021435737609863,0.11293914169073105,0.001,0.9245745539665222,0.6407439112663269,0.22812750935554504
27,0.9723724126815796,0.8066631555557251,0.10924872010946274,0.001,0.9639478325843811,0.7799292206764221,0.1271553486585617
28,0.9735976457595825,0.8152487874031067,0.10416772216558456,0.001,0.9573655724525452,0.7561258673667908,0.1444331407546997
29,0.9737578630447388,0.8163420557975769,0.10346966981887817,0.001,0.9579311609268188,0.7513379454612732,0.14493484795093536
30,0.9741714000701904,0.8181931972503662,0.10237476229667664,0.001,0.9599136710166931,0.7692616581916809,0.1353904753923416
31,0.9737564325332642,0.8162557482719421,0.10324571281671524,0.001,0.9444962739944458,0.7100435495376587,0.17550250887870789
32,0.9741618037223816,0.8176531791687012,0.10251272469758987,0.001,0.9518669247627258,0.7090631723403931,0.1762717068195343
33,0.9761815071105957,0.8327246904373169,0.09326105564832687,0.000100000005,0.9663947820663452,0.7960156798362732,0.11696764826774597
34,0.9771962761878967,0.8356935381889343,0.09144921600818634,0.000100000005,0.9679657220840454,0.8028154969215393,0.11260204017162323
35,0.977642297744751,0.8394469022750854,0.08931722491979599,0.000100000005,0.9679714441299438,0.8060869574546814,0.11080973595380783
36,0.9778990149497986,0.8400416970252991,0.08926611393690109,0.000100000005,0.9663867354393005,0.7954970598220825,0.11800537258386612
37,0.9775336980819702,0.8407148718833923,0.08857787400484085,0.000100000005,0.9697597026824951,0.814773440361023,0.10407891124486923
38,0.977947473526001,0.8408651947975159,0.08830667287111282,0.000100000005,0.968192458152771,0.8042690753936768,0.1119081899523735
39,0.9782142639160156,0.8421797752380371,0.08836538344621658,0.000100000005,0.9688495993614197,0.8059009313583374,0.10973379760980606
40,0.978371798992157,0.8440337777137756,0.0866585224866867,0.000100000005,0.9680446982383728,0.8036723136901855,0.1114744246006012
41,0.9784821271896362,0.8466626405715942,0.0844615027308464,0.000100000005,0.9689371585845947,0.8087316155433655,0.10900165140628815
42,0.9783443808555603,0.8452956080436707,0.08579001575708389,0.000100000005,0.9703270792961121,0.8135037422180176,0.10505882650613785
43,0.9782935976982117,0.8449662923812866,0.08621940016746521,1.0000001e-05,0.9709118604660034,0.8176391124725342,0.10215825587511063
44,0.9785829782485962,0.8437615633010864,0.08709516376256943,1.0000001e-05,0.9702373147010803,0.8170201778411865,0.10303007066249847
45,0.9784896969795227,0.8471205830574036,0.08443382382392883,1.0000001e-05,0.9694984555244446,0.8141395449638367,0.10476130247116089
46,0.978508710861206,0.8455455303192139,0.08587600290775299,1.0000001e-05,0.9708305597305298,0.8121510744094849,0.10636942833662033
47,0.9787813425064087,0.8460737466812134,0.08516444265842438,1.0000001e-05,0.9701331257820129,0.817085862159729,0.10273656249046326
48,0.9784806966781616,0.8465388417243958,0.08489221334457397,1.0000001e-05,0.9701660871505737,0.8118337988853455,0.10787351429462433
49,0.9789493680000305,0.8481682538986206,0.08381396532058716,1.0000001e-06,0.9698744416236877,0.81150883436203,0.1071958839893341
50,0.9783903956413269,0.845900297164917,0.08549053966999054,1.0000001e-06,0.9704363346099854,0.8112173080444336,0.10695339739322662
51,0.9787153005599976,0.8473942875862122,0.08492269366979599,1.0000001e-06,0.9719879627227783,0.820746898651123,0.101173534989357
52,0.978553295135498,0.845358669757843,0.08611617982387543,1.0000001e-06,0.9703723788261414,0.8185434341430664,0.10194013267755508
53,0.9787417054176331,0.8466005921363831,0.08579669147729874,1.0000001e-06,0.9701290726661682,0.8091816306114197,0.10966619849205017
54,0.9787453413009644,0.8486051559448242,0.08345144987106323,1.0000001e-06,0.970041036605835,0.8120128512382507,0.10725712031126022
55,0.9787415862083435,0.8447219133377075,0.0863434299826622,1.0000001e-06,0.9702465534210205,0.8102564215660095,0.10799288749694824
56,0.9786076545715332,0.8474084734916687,0.08435627073049545,1.0000001e-06,0.9710146188735962,0.8177778124809265,0.10291682183742523
57,0.9788696765899658,0.8449568152427673,0.0869356244802475,1.0000001e-07,0.9704002141952515,0.811382532119751,0.10783971846103668
58,0.9784016609191895,0.8475310802459717,0.08443603664636612,1.0000001e-07,0.9697972536087036,0.807073175907135,0.11088894307613373
59,0.9788866639137268,0.8485303521156311,0.08366709202528,1.0000001e-07,0.9706751108169556,0.8188003301620483,0.10187255591154099
60,0.9784141778945923,0.843771755695343,0.08787286281585693,1.0000001e-07,0.9700432419776917,0.8080222010612488,0.11075926572084427
61,0.978987991809845,0.8496031165122986,0.08279623836278915,1.0000001e-07,0.9698058366775513,0.813473105430603,0.10548900067806244
