epoch,accuracy,jaccard_coef,loss,lr,val_accuracy,val_jaccard_coef,val_loss
0,0.9049944877624512,0.5197491645812988,0.3289942145347595,1e-04,0.8990626335144043,0.5536391735076904,0.2926386296749115
1,0.9433443546295166,0.6412376165390015,0.22497203946113586,1e-04,0.9203600883483887,0.6188194751739502,0.24370703101158142
2,0.9511340856552124,0.683311939239502,0.19355928897857666,1e-04,0.9425944089889526,0.662412166595459,0.20660535991191864
3,0.9554827213287354,0.710024893283844,0.1738799810409546,1e-04,0.9346847534179688,0.6519168615341187,0.21377821266651154
4,0.9588763117790222,0.7243685126304626,0.16512958705425262,1e-04,0.9480918645858765,0.6875355243682861,0.18919844925403595
5,0.9615273475646973,0.7416433691978455,0.1523335874080658,1e-04,0.9494156837463379,0.7153188586235046,0.17022979259490967
6,0.9628824591636658,0.7504000663757324,0.145759716629982,1e-04,0.9494556188583374,0.7198009490966797,0.16859418153762817
7,0.964057445526123,0.7567985653877258,0.1414726972579956,1e-04,0.9539988040924072,0.7347204685211182,0.15980954468250275
8,0.96580570936203,0.7669841647148132,0.13503104448318481,1e-04,0.9478897452354431,0.7156131863594055,0.17127913236618042
9,0.96653151512146,0.7719358205795288,0.13246725499629974,1e-04,0.9547617435455322,0.7384824156761169,0.1533905565738678
10,0.9674851298332214,0.7758058309555054,0.12965217232704163,1e-04,0.9546753168106079,0.7369846701622009,0.15475577116012573
11,0.9684402942657471,0.7827904224395752,0.12542174756526947,1e-04,0.9567826390266418,0.7541379332542419,0.14560182392597198
12,0.9689290523529053,0.7861317992210388,0.12307322025299072,1e-04,0.9595715403556824,0.7606297135353088,0.14043182134628296
13,0.9693047404289246,0.7897182106971741,0.12009192258119583,1e-04,0.9605258107185364,0.7600266337394714,0.14202898740768433
14,0.9708437323570251,0.7968226075172424,0.11686199903488159,1e-04,0.9585442543029785,0.7568358778953552,0.1442127227783203
15,0.9709901213645935,0.797272801399231,0.11529222130775452,1e-04,0.9564692974090576,0.7515575289726257,0.14700175821781158
16,0.9720352292060852,0.8049848675727844,0.11052363365888596,1e-04,0.9494209885597229,0.7229076623916626,0.16602486371994019
17,0.9718872308731079,0.8046543002128601,0.11078982055187225,1e-04,0.9629754424095154,0.7759526968002319,0.129880890250206
18,0.9734224677085876,0.814203679561615,0.10451872646808624,1e-04,0.9573997259140015,0.7629430890083313,0.14039908349514008
19,0.9719293713569641,0.8049288392066956,0.11134826391935349,1e-04,0.9609820246696472,0.7722277641296387,0.1316777765750885
20,0.973804771900177,0.8139959573745728,0.10515452176332474,1e-04,0.9598052501678467,0.7414034008979797,0.15179121494293213
21,0.9735386967658997,0.8160803914070129,0.10362009704113007,1e-04,0.9680688381195068,0.7999080419540405,0.11259371042251587
22,0.9735416173934937,0.8117753267288208,0.10748310387134552,1e-04,0.9642772078514099,0.7889288663864136,0.12060505151748657
23,0.9743875861167908,0.8203562498092651,0.10079052299261093,1e-04,0.9613791704177856,0.7686707377433777,0.1353992521762848
24,0.9744719862937927,0.8200922608375549,0.10132631659507751,1e-04,0.9625449180603027,0.774467945098877,0.13077686727046967
25,0.9743375182151794,0.8199711441993713,0.10207316279411316,1e-04,0.9577298164367676,0.762837827205658,0.1419592648744583
26,0.974909245967865,0.82161545753479,0.10102518647909164,1e-04,0.9617385268211365,0.7803102731704712,0.13064196705818176
27,0.9775406718254089,0.839722752571106,0.08887328952550888,1e-05,0.9672711491584778,0.8040792942047119,0.11326052993535995
28,0.9783546924591064,0.8450295329093933,0.08593540638685226,1e-05,0.9677354097366333,0.8037019968032837,0.11292567849159241
29,0.9785009622573853,0.8467283248901367,0.08487341552972794,1e-05,0.9667933583259583,0.8038814663887024,0.11286720633506775
30,0.9784578084945679,0.8461947441101074,0.08545272797346115,1e-05,0.9703954458236694,0.817699670791626,0.10306331515312195
31,0.9789032936096191,0.8490589261054993,0.08321898430585861,1e-05,0.9699283242225647,0.8162146806716919,0.10322202742099762
32,0.9788693189620972,0.8477802276611328,0.08418571203947067,1e-05,0.9705403447151184,0.8094805479049683,0.11102678626775742
33,0.9786267876625061,0.8483943939208984,0.08399353921413422,1e-05,0.9713386297225952,0.8202598690986633,0.10033632069826126
34,0.9789373874664307,0.8467485308647156,0.08480614423751831,1e-05,0.9701985716819763,0.814298152923584,0.10520067065954208
35,0.9790565967559814,0.8490424752235413,0.08372275531291962,1e-05,0.9705977439880371,0.8179579973220825,0.10272498428821564
36,0.9794503450393677,0.8498674035072327,0.0833137184381485,1e-05,0.9690825939178467,0.8091307282447815,0.10876762121915817
37,0.979077935218811,0.8501786589622498,0.08284991979598999,1e-05,0.9716797471046448,0.8262773752212524,0.09652908146381378
38,0.9791781902313232,0.8491058945655823,0.0835639089345932,1e-05,0.9710009098052979,0.8183985352516174,0.10221219807863235
39,0.9794387817382812,0.8498626947402954,0.08401221036911011,1e-05,0.9700733423233032,0.8135848045349121,0.1054830327630043
40,0.9796901345252991,0.8524755835533142,0.08144745975732803,1e-05,0.9686889052391052,0.8106268644332886,0.10796528309583664
41,0.9796090722084045,0.8540891408920288,0.08037091791629791,1e-05,0.9704514145851135,0.8162481784820557,0.10420433431863785
42,0.9796590209007263,0.8539283275604248,0.08056262135505676,1e-05,0.9721326231956482,0.8235393762588501,0.09899716079235077
43,0.9795350432395935,0.8526036739349365,0.08175143599510193,1e-06,0.9720300436019897,0.8251792788505554,0.09757494181394577
44,0.9796536564826965,0.8512539267539978,0.08268538117408752,1e-06,0.9724151492118835,0.8269537091255188,0.09674976766109467
45,0.9795932769775391,0.8540946841239929,0.08049682527780533,1e-06,0.9706122875213623,0.822091281414032,0.0997907742857933
46,0.9797450304031372,0.8540529012680054,0.08072749525308609,1e-06,0.972400963306427,0.8218713402748108,0.10028107464313507
47,0.9801337718963623,0.8551408052444458,0.07963381707668304,1e-06,0.9717367887496948,0.8259367346763611,0.09721599519252777
